player_id,outcome,min,sec,x,y,to_x,to_y,field_pass,type,team
69140,1,0,0,0,0,,,f,102,Germany
41316,1,0,0,0,0,,,f,102,Germany
15207,1,0,0,0,0,,,f,102,Germany
17127,1,0,0,0,0,,,f,102,Germany
40691,1,0,0,0,0,,,f,102,Germany
15208,1,0,0,0,0,,,f,102,Germany
44989,1,0,0,0,0,,,f,102,Germany
55634,1,0,0,0,0,,,f,102,Germany
37605,1,0,0,0,0,,,f,102,Germany
69600,1,0,0,0,0,,,f,102,Germany
20388,1,0,0,0,0,,,f,102,Germany
28549,1,0,0,0,0,,,f,102,Argentina
104512,1,0,0,0,0,,,f,102,Argentina
88746,1,0,0,0,0,,,f,102,Argentina
20578,1,0,0,0,0,,,f,102,Argentina
149786,1,0,0,0,0,,,f,102,Argentina
50117,1,0,0,0,0,,,f,102,Argentina
44336,1,0,0,0,0,,,f,102,Argentina
51498,1,0,0,0,0,,,f,102,Argentina
149828,1,0,0,0,0,,,f,102,Argentina
82752,1,0,0,0,0,,,f,102,Argentina
86813,1,0,0,0,0,,,f,102,Argentina
104512,1,0,0,0,0,,,f,34,Argentina
69600,1,0,0,0,0,,,f,34,Germany
69600,1,0,0,50,50,51.3,48.2,t,1,Germany
55634,1,0,1,51.3,48.2,,,t,100,Germany
55634,1,0,2,51.3,48.2,29.6,50.3,t,1,Germany
15207,1,0,3,29.6,50.3,,,t,100,Germany
15207,1,0,4,29.6,50.3,37,60.2,t,1,Germany
44989,1,0,4,37,60.2,,,t,100,Germany
44989,1,0,5,37,60.2,34.3,50.7,t,1,Germany
15207,1,0,5,34.3,50.7,34.4,51.2,t,101,Germany
15207,1,0,5,34.3,50.7,,,t,100,Germany
15207,1,0,6,34.4,51.2,32.4,66.7,t,1,Germany
40691,1,0,7,32.4,66.7,33,64.5,t,101,Germany
40691,1,0,7,32.4,66.7,,,t,100,Germany
40691,1,0,8,33,64.5,29.5,35.8,t,1,Germany
17127,1,0,15,29.5,35.8,,,t,100,Germany
17127,1,0,15,29.5,35.8,41.8,18.9,t,101,Germany
17127,1,0,16,41.8,18.9,41.8,38.2,t,1,Germany
15207,1,0,18,41.8,38.2,,,t,100,Germany
15207,1,0,18,41.8,38.2,42.4,38.2,t,101,Germany
15207,1,0,19,42.4,38.2,43.4,23.1,t,1,Germany
17127,1,0,20,43.4,23.1,,,t,100,Germany
17127,1,0,20,43.4,23.1,43.9,19.5,t,101,Germany
17127,1,0,21,43.9,19.5,61.5,6.4,t,1,Germany
69140,1,0,23,61.5,6.4,,,t,100,Germany
69140,1,0,24,61.5,6.4,43.5,11.7,t,1,Germany
17127,0,0,26,44.5,11.4,73.9,28.8,t,1,Germany
50117,1,0,28,24.6,78.1,27,97.4,t,1,Argentina
88746,0,0,30,27,97.4,46.5,93.2,t,1,Argentina
20578,1,0,34,41.4,84.2,,,f,7,Argentina
69140,1,0,34,55.2,11.4,59.9,18.5,t,1,Germany
15208,1,0,34,58.6,15.8,,,f,50,Germany
149828,1,0,36,57.8,87.5,,,f,49,Argentina
149828,1,0,36,57.8,87.5,44.3,92.9,t,1,Argentina
104512,0,0,38,44.3,92.9,47,76.7,t,1,Argentina
44989,1,0,40,53.1,33.7,,,f,49,Germany
44989,1,0,40,53.1,33.7,65,31.2,t,1,Germany
37605,0,0,41,65,31.2,74.4,52.2,t,1,Germany
86813,0,0,44,25.2,35.3,30.2,50.7,t,1,Argentina
15208,0,0,45,69.5,42.5,91.4,40.3,t,1,Germany
82752,1,0,46,0,0,7.4,58.2,f,43,Argentina
28549,1,0,50,8.2,57.5,,,f,49,Argentina
28549,0,0,54,15.1,61.8,61.3,70.8,t,1,Argentina
17127,0,0,59,31.6,31.9,63.5,37.9,t,1,Germany
50117,1,1,0,35.3,61.1,57.7,73.8,t,1,Argentina
104512,0,1,3,57.7,73.8,55.6,73,t,1,Argentina
15208,1,1,4,44.1,31.5,,,f,74,Germany
20578,0,1,6,42,71.4,83.7,79.9,t,1,Argentina
17127,1,1,10,21.1,23,,,f,12,Germany
149828,0,1,16,81.8,78.8,,,f,4,Argentina
17127,1,1,16,18.2,21.2,,,f,4,Germany
20388,1,1,27,20.5,23.6,25.7,17.9,f,1,Germany
17127,1,1,30,25.7,17.9,,,f,100,Germany
17127,1,1,30,25.7,17.9,31.8,19.1,f,101,Germany
17127,1,1,31,31.8,19.1,31.6,42.2,t,1,Germany
15207,1,1,35,31.6,42.2,,,t,100,Germany
15207,1,1,35,31.6,42.2,40.6,43.1,t,101,Germany
15207,1,1,36,40.6,43.1,45.5,22.1,t,1,Germany
17127,1,1,39,45.5,22.1,,,t,100,Germany
17127,1,1,39,45.5,22.1,45.3,19.4,t,101,Germany
17127,1,1,40,45.3,19.4,39.5,36.1,t,1,Germany
15207,1,1,42,39.5,36.1,,,t,100,Germany
15207,1,1,42,39.5,36.1,45.7,44.9,t,101,Germany
15207,1,1,43,45.7,44.9,56.4,69.4,t,1,Germany
44989,1,1,47,56.4,69.4,63,80.3,t,101,Germany
44989,1,1,47,56.4,69.4,,,t,100,Germany
44989,1,1,48,63,80.3,56.2,92.1,t,1,Germany
40691,1,1,49,56.2,92.1,,,t,100,Germany
40691,1,1,49,56.2,92.1,56,88.7,t,101,Germany
40691,1,1,50,56,88.7,44.6,55.5,t,1,Germany
15207,1,1,51,44.6,55.5,,,t,100,Germany
15207,1,1,51,44.6,55.5,44.7,52.4,t,101,Germany
15207,1,1,52,44.7,52.4,61.2,25.6,t,1,Germany
37605,1,1,57,61.2,25.6,,,t,100,Germany
37605,1,1,57,61.2,25.6,58.2,31.2,t,101,Germany
37605,1,1,58,58.2,31.2,46.8,56,t,1,Germany
40691,1,2,1,46.8,56,54.2,60.9,t,101,Germany
40691,1,2,1,46.8,56,,,t,100,Germany
40691,1,2,2,54.2,60.9,70.7,68.2,t,1,Germany
51498,1,2,6,31.2,26.3,,,f,7,Argentina
15208,1,2,6,68.8,73.7,,,f,50,Germany
44336,1,2,7,29.7,15.2,,,f,49,Argentina
44336,0,2,7,29.7,15.2,46.6,60.6,t,1,Argentina
17127,1,2,10,52.2,39.5,,,f,49,Germany
17127,1,2,10,52.2,39.5,61.5,40.3,t,1,Germany
37605,1,2,10,61.5,40.3,62.9,40.1,t,101,Germany
37605,1,2,10,61.5,40.3,,,t,100,Germany
37605,1,2,11,62.9,40.1,61.8,57.3,t,1,Germany
44989,1,2,14,61.8,57.3,,,t,100,Germany
44989,1,2,14,61.8,57.3,60.8,61.5,t,101,Germany
44989,1,2,15,60.8,61.5,69.4,67,t,1,Germany
15208,1,2,15,69.4,67,,,t,100,Germany
15208,1,2,16,69.4,67,53.5,64.9,t,1,Germany
40691,1,2,17,53.5,64.9,,,t,100,Germany
40691,1,2,18,53.5,64.9,61.2,40.4,t,1,Germany
50117,1,2,23,19,71.7,,,f,55,Argentina
15207,1,2,23,59.6,26.8,90.8,15.9,f,2,Germany
28549,0,2,44,20.5,67.6,59.4,71.1,f,1,Argentina
17127,1,2,46,30,29.5,33.8,39.1,t,1,Germany
15207,1,2,46,33.8,39.1,,,t,100,Germany
15207,1,2,47,33.8,39.1,20.6,37.7,t,1,Germany
40691,1,2,50,20.6,37.7,,,f,49,Germany
40691,1,2,51,20.6,37.7,12,56.7,t,1,Germany
20388,0,2,54,12,56.7,73,100,t,1,Germany
86813,1,2,56,29.2,-1.4,,,f,5,Argentina
20388,0,2,56,70.8,101.4,,,f,5,Germany
86813,0,3,14,34.8,0,57.1,25,f,1,Argentina
15208,1,3,17,38.6,69.4,60.9,85.1,t,1,Germany
69600,1,3,19,60.9,85.1,,,f,49,Germany
69600,0,3,19,60.2,85.7,65.6,74.5,t,1,Germany
149786,1,3,20,36.2,30.6,,,f,49,Argentina
149786,1,3,20,36.2,30.6,41.4,36.3,t,1,Argentina
20578,1,3,20,41.4,36.3,,,t,100,Argentina
20578,1,3,20,41.4,36.3,39.2,36.1,t,Argentina
20578,1,3,21,39.2,36.1,29,49.6,t,1,Argentina
50117,1,3,23,29,49.6,,,t,100,Argentina
50117,1,3,24,29,49.6,46.3,90.9,t,1,Argentina
104512,1,3,27,46.3,90.9,42.3,91.1,t,101,Argentina
104512,1,3,27,46.3,90.9,,,t,100,Argentina
104512,1,3,28,42.3,91.1,48.3,82.1,t,1,Argentina
82752,1,3,30,48.3,82.1,,,t,100,Argentina
82752,1,3,31,48.3,82.1,59.4,94.2,t,1,Argentina
88746,0,3,33,59.4,94.2,86.6,63.3,t,1,Argentina
20388,1,3,34,0,0,,,f,59,Germany
20388,1,3,35,13,39.4,,,f,52,Germany
20388,1,3,36,15,43.6,34.4,93.8,f,1,Germany
69600,1,3,42,34.4,93.8,61.4,95.7,f,101,Germany
69600,1,3,42,34.4,93.8,,,f,100,Germany
69600,1,3,43,61.4,95.7,53.5,88.7,t,1,Germany
44989,1,3,48,53.5,88.7,,,t,100,Germany
44989,1,3,48,53.5,88.7,53.5,65.7,t,101,Germany
44989,1,3,49,53.5,65.7,50.3,30.1,t,1,Germany
17127,1,3,52,50.3,30.1,53.9,29.7,t,101,Germany
17127,1,3,52,50.3,30.1,,,t,100,Germany
17127,1,3,53,53.9,29.7,52,58.1,t,1,Germany
40691,1,3,55,52,58.1,,,t,100,Germany
40691,1,3,56,52,58.1,67.8,63,t,1,Germany
69600,1,3,57,67.8,63,,,t,100,Germany
69600,1,3,57,67.8,63,69.8,74.2,t,101,Germany
69600,1,3,58,69.8,74.2,65.6,87.1,t,1,Germany
44989,1,3,59,65.6,87.1,,,t,100,Germany
44989,1,3,59,65.6,87.1,65.3,82,t,101,Germany
44989,1,4,0,65.3,82,61.6,67.8,t,1,Germany
15208,1,4,2,61.6,67.8,65.8,69.1,t,101,Germany
15208,1,4,2,61.6,67.8,,,t,100,Germany
15208,1,4,3,65.8,69.1,54.5,69.1,t,1,Germany
40691,1,4,5,54.5,69.1,,,t,100,Germany
40691,1,4,5,54.5,69.1,52.8,64.9,t,101,Germany
40691,1,4,6,52.8,64.9,61,23.3,t,1,Germany
37605,1,4,9,61,23.3,62.7,20.6,t,101,Germany
37605,1,4,9,61,23.3,,,t,100,Germany
37605,1,4,10,62.7,20.6,65.7,35.2,t,1,Germany
15207,1,4,11,65.7,35.2,,,t,100,Germany
15207,1,4,11,65.7,35.2,69.1,36.6,t,101,Germany
15207,1,4,12,69.1,36.6,65.5,58.7,t,1,Germany
44989,1,4,14,65.5,58.7,65.4,54.5,t,101,Germany
44989,1,4,14,65.5,58.7,,,t,100,Germany
44989,1,4,15,65.4,54.5,69.4,36,t,1,Germany
15207,0,4,19,71.3,35.4,92.1,38.2,t,1,Germany
28549,1,4,20,0,0,,,f,59,Argentina
28549,1,4,21,7.1,63.1,,,f,54,Argentina
28549,1,4,21,7.1,63.1,,,f,52,Argentina
28549,1,4,31,15.5,73.6,62.3,77.6,t,1,Argentina
104512,1,4,35,65.5,77.3,,,f,44,Argentina
69140,0,4,35,34.5,22.7,,,f,44,Germany
104512,0,4,36,62.3,77.6,67.1,57.8,t,1,Argentina
40691,1,4,37,28.5,44.1,53.6,33.8,t,1,Germany
37605,0,4,39,53.6,36.7,,,f,61,Germany
51498,1,4,40,41.5,58.1,36.5,60,t,1,Argentina
149786,1,4,41,38,60.5,,,f,49,Argentina
149786,1,4,41,38,60.5,40.4,90,t,1,Argentina
88746,0,4,42,40.4,90,58.8,76.9,t,1,Argentina
17127,1,4,47,32.8,31.6,,,f,49,Germany
17127,1,4,48,31.7,31.6,40,30,t,1,Germany
15207,1,4,50,40,30,,,t,100,Germany
15207,1,4,50,40,30,40.7,30.6,t,101,Germany
15207,1,4,51,40.7,30.6,31.1,31.8,t,1,Germany
17127,1,4,52,31.1,31.8,,,t,100,Germany
17127,1,4,52,31.1,31.8,32.8,35.5,t,101,Germany
17127,1,4,53,32.8,35.5,29,42.1,t,1,Germany
15207,1,4,55,29,42.1,,,t,100,Germany
15207,1,4,55,29,42.1,29.8,45.4,t,101,Germany
15207,1,4,56,29.8,45.4,39.6,94.1,t,1,Germany
40691,0,5,0,39.6,94.1,42.8,95.3,t,1,Germany
44336,1,5,1,55.8,4.1,,,f,74,Argentina
44336,0,5,1,46,-1.6,,,f,5,Argentina
40691,1,5,1,54,101.6,,,f,5,Germany
41316,1,5,12,60.7,100,70.8,95.7,f,1,Germany
86813,1,5,14,29.7,5.6,,,f,7,Argentina
69600,1,5,14,70.3,94.4,,,f,50,Germany
51498,1,5,16,38.4,15.9,,,f,49,Argentina
51498,1,5,16,38.4,15.9,34.1,7.3,t,1,Argentina
86813,0,5,17,34.1,7.3,51.7,11.1,t,1,Argentina
40691,1,5,21,40.4,96.3,,,f,12,Germany
86813,1,5,22,58.2,-1.1,,,f,5,Argentina
40691,0,5,22,41.8,101.1,,,f,5,Germany
86813,1,5,34,59.1,0,82.2,3.8,f,1,Argentina
149828,0,5,39,86,1.9,86.2,3.5,f,1,Argentina
40691,1,5,40,12.1,96.3,,,f,12,Germany
40691,1,5,41,6.6,94.7,,,f,12,Germany
15208,1,5,45,27.2,73.5,44.3,66.9,t,1,Germany
55634,1,5,48,44.2,78.5,,,f,49,Germany
55634,1,5,49,50.4,90.5,58.3,96.3,t,1,Germany
69600,1,5,50,58.3,96.3,58.4,95.4,t,101,Germany
69600,1,5,50,58.3,96.3,,,t,100,Germany
69600,1,5,51,58.4,95.4,58.9,85,t,1,Germany
51498,0,5,53,39.6,14.9,,,f,45,Argentina
44989,1,5,53,60.4,85.1,,,f,3,Germany
51498,0,5,54,39.6,14.9,,,f,4,Argentina
44989,1,5,54,60.4,85.1,,,f,4,Germany
44989,1,6,8,64.7,82,61.4,74.4,f,1,Germany
15207,1,6,8,61.4,74.4,,,f,100,Germany
15207,1,6,9,61.4,74.4,62.3,82.1,t,1,Germany
44989,1,6,12,62.3,82.1,59.8,74.5,t,101,Germany
44989,1,6,12,62.3,82.1,,,t,100,Germany
44989,1,6,13,59.8,74.5,65.5,8,t,1,Germany
69140,1,6,15,65.5,8,65.7,5.2,t,101,Germany
69140,1,6,15,65.5,8,,,t,100,Germany
69140,1,6,16,65.7,5.2,34.1,12.6,t,1,Germany
17127,1,6,23,34.1,12.6,35.3,18.9,t,101,Germany
17127,1,6,23,34.1,12.6,,,t,100,Germany
17127,1,6,24,35.3,18.9,56.3,21.8,t,1,Germany
15207,1,6,25,56.3,21.8,,,t,100,Germany
15207,1,6,26,56.3,21.8,37.4,24.4,t,1,Germany
17127,1,6,32,37.4,24.4,55,26.2,t,101,Germany
17127,1,6,32,37.4,24.4,,,t,100,Germany
17127,1,6,33,55,26.2,68.3,36.3,t,1,Germany
37605,1,6,35,68.3,36.3,,,t,100,Germany
37605,1,6,36,68.3,36.3,78,6.5,t,1,Germany
69140,0,6,38,78,6.5,92,44.3,f,1,Germany
28549,1,6,40,0,0,,,f,59,Argentina
28549,1,6,41,8.1,55.7,,,f,52,Argentina
28549,0,6,42,12,53.6,58.6,24.1,t,1,Argentina
40691,1,6,46,41.1,95,,,f,49,Germany
40691,1,6,52,63.9,97.4,43.4,68.1,t,1,Germany
15207,1,6,53,43.4,68.1,43.3,69.1,t,101,Germany
15207,1,6,53,43.4,68.1,,,t,100,Germany
15207,1,6,54,43.3,69.1,44.1,47.9,t,1,Germany
17127,1,6,57,44.1,47.9,45.3,44.6,t,101,Germany
17127,1,6,57,44.1,47.9,,,t,100,Germany
17127,1,6,58,45.3,44.6,59.3,27.6,t,1,Germany
15208,1,7,0,59.3,27.6,61.8,19.7,t,101,Germany
15208,1,7,0,59.3,27.6,,,t,100,Germany
15208,1,7,1,61.8,19.7,73.9,20.1,t,1,Germany
55634,0,7,4,73.9,20.1,,,f,61,Germany
28549,1,7,6,-1.2,84,,,f,5,Argentina
55634,0,7,6,101.2,16,,,f,5,Germany
28549,0,7,23,5.1,59.1,57.5,66.9,f,1,Argentina
149828,0,7,25,61.9,68.4,,,f,4,Argentina
17127,1,7,25,38.1,31.6,,,f,4,Germany
15207,1,7,36,33.4,33.6,30.5,62.7,f,1,Germany
40691,1,7,41,30.5,62.7,,,f,100,Germany
40691,1,7,41,30.5,62.7,31.7,62,f,101,Germany
40691,1,7,42,31.7,62,36.3,30.6,t,1,Germany
17127,1,7,48,36.3,30.6,58.4,17.3,t,101,Germany
17127,1,7,48,36.3,30.6,,,t,100,Germany
17127,1,7,49,58.4,17.3,64.4,4.7,t,1,Germany
37605,1,7,50,64.4,4.7,,,t,100,Germany
37605,1,7,51,64.4,4.7,38.2,9.2,t,1,Germany
69140,1,7,53,38.2,9.2,,,t,100,Germany
69140,1,7,54,38.2,9.2,19.1,38.8,t,1,Germany
20388,1,7,55,19.1,38.8,,,t,100,Germany
20388,1,7,56,19.1,38.8,30.6,65.2,t,1,Germany
40691,1,7,58,30.6,65.2,30.9,67,t,101,Germany
40691,1,7,58,30.6,65.2,,,t,100,Germany
40691,1,7,59,30.9,67,43.2,67.8,t,1,Germany
44989,1,8,0,43.2,67.8,41.5,76.7,t,101,Germany
44989,1,8,0,43.2,67.8,,,t,100,Germany
44989,1,8,1,41.5,76.7,43.8,96.6,t,1,Germany
41316,1,8,2,43.8,96.6,,,t,100,Germany
41316,1,8,3,43.8,96.6,32.3,82.6,t,1,Germany
40691,1,8,8,32.3,82.6,,,t,100,Germany
40691,1,8,8,32.3,82.6,34.4,68.2,t,101,Germany
40691,1,8,9,34.4,68.2,42.4,79.4,t,1,Germany
44989,1,8,11,42.4,79.4,,,t,100,Germany
44989,1,8,12,42.4,79.4,52.3,41.5,t,1,Germany
37605,1,8,12,52.3,41.5,,,t,100,Germany
37605,1,8,13,52.3,41.5,63.7,37.3,t,1,Germany
55634,1,8,14,63.7,37.3,63.2,37.3,t,101,Germany
55634,1,8,14,63.7,37.3,,,t,100,Germany
55634,1,8,15,63.2,37.3,75.2,7.9,t,1,Germany
69140,0,8,18,77.8,9.1,90.3,36.1,t,1,Germany
50117,1,8,20,10.7,67.2,,,f,12,Argentina
104512,1,8,22,25,86.8,,,f,7,Argentina
69140,0,8,22,75,13.2,,,f,3,Germany
104512,1,8,23,27.4,96.2,,,f,49,Argentina
104512,1,8,24,27.6,96.8,68.3,79.9,t,1,Argentina
20388,0,8,29,0,0,,,f,59,Germany
149828,1,8,30,89.9,85.5,100,48.8,f,15,Argentina
20388,1,8,30,8,16.5,,,f,10,Germany
149828,1,8,32,91.5,84.7,,,f,6,Argentina
20388,0,8,32,8.5,15.3,,,f,6,Germany
82752,0,9,1,99.5,99.5,92.2,51.2,f,1,Argentina
17127,1,9,4,7.5,47.3,,,f,12,Germany
44336,1,9,5,75.7,25.3,63.7,34,t,1,Argentina
86813,1,9,9,63.7,34,82.3,95.7,f,2,Argentina
15207,1,9,9,15.1,6.4,,,f,55,Germany
15207,1,9,17,0,0,29.9,21.3,f,43,Germany
17127,1,9,46,27,21,37.6,36,f,1,Germany
15207,1,9,48,37.6,36,,,f,100,Germany
15207,1,9,48,37.6,36,44.7,37.6,f,101,Germany
15207,1,9,49,44.7,37.6,51.9,22.2,t,1,Germany
37605,0,9,54,59,26.1,65.8,75.3,t,1,Germany
44336,1,9,56,34.7,27.6,,,f,49,Argentina
44336,1,9,56,34.7,27.6,71.1,41.8,t,1,Argentina
149828,0,10,2,72.3,47.8,,,f,3,Argentina
17127,1,10,2,27.7,52.2,,,f,7,Germany
15207,1,10,4,26.8,56.9,,,f,49,Germany
15207,1,10,4,26.8,56.9,27,74.4,t,1,Germany
41316,1,10,5,27,74.4,,,t,100,Germany
41316,1,10,6,27,74.4,8.2,64.9,t,1,Germany
20388,0,10,8,8.2,64.9,60.6,46.4,t,1,Germany
50117,1,10,11,40.7,55.1,,,f,49,Argentina
50117,1,10,12,40.5,54.8,36.6,91.8,t,1,Argentina
88746,1,10,14,36.6,91.8,36.6,93.5,t,101,Argentina
88746,1,10,14,36.6,91.8,,,t,100,Argentina
88746,1,10,15,36.6,93.5,66.2,95.9,t,1,Argentina
104512,0,10,21,70.2,88.9,100,71.4,t,1,Argentina
17127,1,10,25,0,0,,,f,56,Germany
104512,0,10,26,100.9,71.4,,,f,5,Argentina
17127,1,10,26,-0.9,27.4,,,f,5,Germany
17127,1,10,29,0,0,,,f,43,Germany
20388,1,11,2,5.4,45.4,26.2,60.9,f,1,Germany
40691,1,11,7,26.2,60.9,42.1,70.3,f,101,Germany
40691,1,11,7,26.2,60.9,,,f,100,Germany
40691,1,11,8,42.1,70.3,53.4,43.7,t,1,Germany
15207,1,11,11,53.4,43.7,52.6,41.6,t,101,Germany
15207,1,11,11,53.4,43.7,,,t,100,Germany
15207,1,11,12,52.6,41.6,45.8,22.8,t,1,Germany
17127,1,11,18,45.8,22.8,54,29.8,t,101,Germany
17127,1,11,18,45.8,22.8,,,t,100,Germany
17127,1,11,19,54,29.8,59.6,20.6,t,1,Germany
37605,1,11,21,59.6,20.6,,,t,100,Germany
37605,1,11,21,59.6,20.6,59.2,22.5,t,101,Germany
37605,1,11,22,59.2,22.5,51.9,50.3,t,1,Germany
44989,0,11,25,52.2,44.2,73.4,4.4,t,1,Germany
104512,1,11,29,21.5,95.6,,,f,12,Argentina
104512,0,11,30,14.2,101.8,,,f,5,Argentina
44989,1,11,30,85.8,-1.8,,,f,5,Germany
69140,0,11,43,83.2,0,97.7,35.4,f,1,Germany
28549,1,11,47,3,60.2,,,f,52,Argentina
28549,0,11,57,15.9,63.6,63.6,40.3,t,1,Argentina
41316,1,12,1,32.4,72.7,,,f,12,Germany
149828,0,12,3,65.3,46.3,78.1,43.1,t,1,Argentina
40691,1,12,6,21.3,60.3,19.6,40.3,t,1,Germany
17127,0,12,8,19.3,40.6,61,0,t,1,Germany
88746,1,12,12,40.1,101.2,,,f,5,Argentina
17127,0,12,12,59.9,-1.2,,,f,5,Germany
88746,1,12,13,41.2,100,32.9,89,f,1,Argentina
50117,1,12,15,32.9,89,,,f,100,Argentina
50117,1,12,15,32.9,89,32.6,86.3,f,101,Argentina
50117,1,12,16,32.6,86.3,14,57.2,t,1,Argentina
28549,1,12,19,14,57.2,,,t,100,Argentina
28549,1,12,19,14,57.2,14.8,53.4,t,101,Argentina
28549,1,12,20,14.8,53.4,63.1,25.6,t,1,Argentina
44336,1,12,25,61.7,17.6,,,f,44,Argentina
44336,0,12,25,63.1,25.6,86.1,2.9,t,1,Argentina
41316,0,12,25,38.3,82.4,,,f,44,Germany
41316,1,12,29,17.1,97.5,,,f,49,Germany
41316,1,12,29,17.1,97.5,5.3,70.8,t,1,Germany
20388,1,12,44,5.3,70.8,,,t,100,Germany
20388,1,12,44,5.3,70.8,14.7,47.8,t,101,Germany
20388,1,12,45,14.7,47.8,18.4,80.9,t,1,Germany
40691,1,12,47,18.4,80.9,,,t,100,Germany
40691,1,12,47,18.4,80.9,19.7,81.1,t,101,Germany
40691,1,12,48,19.7,81.1,28,63.9,t,1,Germany
15207,1,12,50,28,63.9,,,t,100,Germany
15207,1,12,50,28,63.9,27.3,62.9,t,101,Germany
15207,1,12,51,27.3,62.9,35.6,36.3,t,1,Germany
15208,1,12,54,35.6,36.3,,,t,100,Germany
15208,1,12,54,35.6,36.3,42.4,30.1,t,101,Germany
15208,1,12,55,42.4,30.1,59.4,58.8,t,1,Germany
51498,0,12,58,40.6,46.2,,,f,4,Argentina
37605,1,12,58,59.4,53.8,,,f,4,Germany
15207,0,13,10,59.5,57.9,65.6,50.9,f,1,Germany
82752,1,13,13,37.4,50.9,,,f,49,Argentina
82752,1,13,13,37.4,50.9,43.6,39.4,t,1,Argentina
44336,0,13,15,48.1,50.6,49.9,50.4,t,1,Argentina
15208,1,13,16,47.1,51.9,,,f,74,Germany
44989,1,13,18,53,46.3,,,f,49,Germany
44989,1,13,20,63,35.5,69.1,55.5,t,1,Germany
15208,1,13,23,69.1,55.5,72,59.6,t,101,Germany
15208,1,13,23,69.1,55.5,,,t,100,Germany
15208,1,13,24,72,59.6,100,49.8,f,15,Germany
28549,1,13,24,4.4,49.7,,,f,10,Argentina
28549,1,13,27,4.3,51,,,f,11,Argentina
28549,1,13,38,4.3,51,24.3,32.2,f,1,Argentina
149786,0,13,41,30.1,30.6,77.3,11.4,t,1,Argentina
40691,1,13,46,19.9,91.2,,,f,12,Germany
44336,1,13,48,70.4,5.8,,,f,7,Argentina
41316,1,13,48,29.6,94.2,,,f,50,Germany
44336,1,13,50,80.3,9.5,,,f,49,Argentina
44336,0,13,52,91.3,18.5,93,24.4,f,1,Argentina
40691,1,13,54,10.9,75.9,,,f,12,Germany
44336,1,13,55,93.2,25.7,,,f,3,Argentina
40691,0,13,55,6.8,74.3,,,f,45,Germany
44336,0,13,57,96.6,34,95.9,100,f,1,Argentina
40691,1,14,3,5,-0.8,,,f,5,Germany
69140,0,14,23,9.5,0,35.4,10.1,f,1,Germany
50117,1,14,27,62,91.1,44.3,79.9,t,1,Argentina
149786,1,14,31,44.3,78.7,,,f,49,Argentina
149786,1,14,31,44.3,78.7,21.4,65.1,t,1,Argentina
28549,0,14,33,20.7,57.8,63,0,t,1,Argentina
28549,0,14,38,62.5,-1,,,f,5,Argentina
69140,1,14,38,37.5,101,,,f,5,Germany
41316,1,14,41,40.8,100,35,85.3,f,1,Germany
40691,1,14,44,35,85.3,,,f,100,Germany
40691,1,14,44,35,85.3,34.7,72.4,f,101,Germany
40691,1,14,45,34.7,72.4,29.1,33.4,t,1,Germany
17127,1,14,46,29.1,33.4,,,t,100,Germany
17127,1,14,46,29.1,33.4,29.1,30,t,101,Germany
17127,1,14,47,29.1,30,43.4,28.2,t,1,Germany
44989,1,14,51,43.4,28.2,,,t,100,Germany
44989,1,14,51,43.4,28.2,43,26.5,t,101,Germany
44989,1,14,52,43,26.5,42.3,66.1,t,1,Germany
40691,1,14,55,42.3,66.1,46.3,65.7,t,101,Germany
40691,1,14,55,42.3,66.1,,,t,100,Germany
40691,1,14,56,46.3,65.7,59.6,77,t,1,Germany
15208,1,14,58,59.6,77,59.3,80.9,t,101,Germany
15208,1,14,58,59.6,77,,,t,100,Germany
15208,1,14,59,59.3,80.9,62.9,96.2,t,1,Germany
41316,1,15,1,62.9,96.2,,,t,100,Germany
41316,1,15,1,62.9,96.2,61.8,96.2,t,101,Germany
41316,1,15,2,61.8,96.2,43.3,89.3,t,1,Germany
15208,1,15,4,43.3,89.3,42.9,86.8,t,101,Germany
15208,1,15,4,43.3,89.3,,,t,100,Germany
15208,1,15,5,42.9,86.8,51.4,60.3,t,1,Germany
44989,1,15,7,51.4,60.3,,,t,100,Germany
44989,1,15,7,51.4,60.3,52.5,57.2,t,101,Germany
44989,1,15,8,52.5,57.2,55.5,32.1,t,1,Germany
15207,1,15,11,55.5,32.1,58.3,27.7,t,101,Germany
15207,1,15,11,55.5,32.1,,,t,100,Germany
15207,1,15,12,58.3,27.7,63.5,2.6,t,1,Germany
69140,1,15,13,63.5,2.6,,,t,100,Germany
69140,1,15,13,63.5,2.6,63.4,2.6,t,101,Germany
69140,1,15,14,63.4,2.6,42.3,22.4,t,1,Germany
17127,1,15,18,42.3,22.4,47.5,26.4,t,101,Germany
17127,1,15,18,42.3,22.4,,,t,100,Germany
17127,1,15,19,47.5,26.4,39.6,33.1,t,1,Germany
44989,1,15,21,39.6,33.1,39.4,33.9,t,101,Germany
44989,1,15,21,39.6,33.1,,,t,100,Germany
44989,1,15,22,39.4,33.9,27.2,49.7,t,1,Germany
20388,1,15,22,27.2,49.7,,,t,100,Germany
20388,1,15,23,27.2,49.7,33.3,61.2,t,1,Germany
40691,1,15,29,33.3,61.2,,,t,100,Germany
40691,1,15,29,33.3,61.2,53.7,69.3,t,101,Germany
40691,1,15,30,53.7,69.3,71.5,96.3,t,1,Germany
86813,1,15,34,21,-1.2,,,f,5,Argentina
37605,0,15,34,71,98.3,81.3,100,t,1,Germany
37605,0,15,34,79,101.2,,,f,5,Germany
86813,1,15,47,23.6,0,37.4,24.4,f,1,Argentina
44336,0,15,48,37.4,24.4,45.9,13.5,t,1,Argentina
41316,1,15,48,55.7,90.5,64.7,93.8,t,1,Germany
37605,1,15,51,66,95.4,,,f,49,Germany
37605,1,15,52,66,95.4,84.2,93.3,t,1,Germany
69600,0,15,55,88.1,80.5,83.7,70.5,t,1,Germany
20578,1,15,56,13.3,27.7,,,f,8,Argentina
20578,1,15,57,21.5,24.7,,,f,49,Argentina
20578,1,15,57,22.1,25,28.1,16.4,t,1,Argentina
82752,1,15,58,28.1,16.4,,,t,100,Argentina
82752,1,15,59,28.1,16.4,21.7,24.7,t,1,Argentina
86813,1,15,59,21.7,24.7,,,t,100,Argentina
86813,1,16,0,21.7,24.7,47.7,33.6,t,1,Argentina
149828,1,16,1,47.7,33.6,,,t,100,Argentina
149828,1,16,1,47.7,33.6,47.9,33.8,t,101,Argentina
149828,1,16,2,47.9,33.8,43.2,35.1,t,1,Argentina
44336,1,16,3,43.2,35.1,,,t,100,Argentina
44336,1,16,3,43.2,35.1,44.7,37.3,t,101,Argentina
44336,1,16,4,44.7,37.3,44,81.8,t,1,Argentina
104512,1,16,7,44,81.8,58.1,88.7,t,101,Argentina
104512,1,16,7,44,81.8,,,t,100,Argentina
104512,1,16,8,58.1,88.7,72.6,97.4,t,1,Argentina
88746,1,16,10,72.6,97.4,90,47.9,f,2,Argentina
40691,1,16,10,8.1,53.9,,,f,55,Germany
20388,1,16,38,8.1,53.9,71.3,5,f,1,Germany
69140,1,16,39,71.3,5,,,f,100,Germany
69140,1,16,40,71.3,5,53.6,15.6,t,1,Germany
37605,1,16,45,53.6,15.6,54.9,6.2,t,101,Germany
37605,1,16,45,53.6,15.6,,,t,100,Germany
37605,1,16,46,54.9,6.2,37,28.8,t,1,Germany
17127,1,16,48,37,28.8,,,t,100,Germany
17127,1,16,49,37,28.8,53.9,27.4,t,1,Germany
15207,1,16,50,53.9,27.4,52.3,32.2,t,101,Germany
15207,1,16,50,53.9,27.4,,,t,100,Germany
15207,1,16,51,52.3,32.2,54.4,36.1,t,1,Germany
44989,1,16,51,54.4,36.1,,,t,100,Germany
44989,1,16,52,54.4,36.1,60.2,28.9,t,1,Germany
15207,1,16,53,60.2,28.9,,,t,100,Germany
15207,1,16,53,60.2,28.9,60.7,26.4,t,101,Germany
15207,1,16,54,60.7,26.4,72.1,2.9,t,1,Germany
69140,1,16,56,72.1,2.9,,,t,100,Germany
69140,1,16,57,72.1,2.9,59.6,12.8,t,1,Germany
37605,1,16,59,59.6,12.8,,,t,100,Germany
37605,1,17,0,59.6,12.8,37.1,31.5,t,1,Germany
17127,1,17,1,37.1,31.5,,,t,100,Germany
17127,1,17,2,37.1,31.5,52.8,21.2,t,1,Germany
44989,1,17,4,52.8,21.2,,,t,100,Germany
44989,1,17,4,52.8,21.2,46.2,24.1,t,101,Germany
44989,1,17,5,46.2,24.1,56.7,38.3,t,1,Germany
69600,1,17,8,56.7,38.3,54.1,43,t,101,Germany
69600,1,17,8,56.7,38.3,,,t,100,Germany
69600,1,17,9,54.1,43,61.9,77.9,t,1,Germany
15208,1,17,10,61.9,77.9,61.8,81.4,t,101,Germany
15208,1,17,10,61.9,77.9,,,t,100,Germany
15208,1,17,11,61.8,81.4,69.1,96.9,t,1,Germany
41316,1,17,12,69.1,96.9,,,t,100,Germany
41316,1,17,13,69.1,96.9,58.3,95.4,t,1,Germany
15208,1,17,16,58.3,95.4,,,t,100,Germany
15208,1,17,16,58.3,95.4,44.6,94.1,t,101,Germany
15208,1,17,17,44.6,94.1,43.4,80.5,t,1,Germany
40691,1,17,17,43.4,80.5,,,t,100,Germany
40691,1,17,17,43.4,80.5,43.4,76.3,t,101,Germany
40691,1,17,18,43.4,76.3,22.7,74.4,t,1,Germany
20388,1,17,22,22.7,74.4,,,t,100,Germany
20388,1,17,22,22.7,74.4,24.3,60.2,t,101,Germany
20388,1,17,23,24.3,60.2,30.6,37.7,t,1,Germany
17127,1,17,27,30.6,37.7,33.8,29.4,t,101,Germany
17127,1,17,27,30.6,37.7,,,t,100,Germany
17127,1,17,28,33.8,29.4,38.1,59.9,t,1,Germany
40691,1,17,29,38.1,59.9,40.2,61.5,t,101,Germany
40691,1,17,29,38.1,59.9,,,t,100,Germany
40691,1,17,30,40.2,61.5,55.9,57.6,t,1,Germany
15207,1,17,33,55.9,57.6,,,t,100,Germany
15207,1,17,33,55.9,57.6,60.7,57.9,t,101,Germany
15207,1,17,34,60.7,57.9,67.4,49.9,t,1,Germany
69600,0,17,36,66.8,49.7,70.2,43,t,1,Germany
88746,1,17,37,27.8,60.6,,,f,49,Argentina
88746,1,17,37,27.8,60.6,42.1,52.4,t,1,Argentina
149828,1,17,39,42.1,52.4,,,t,100,Argentina
149828,1,17,40,42.1,52.4,43,45.1,t,1,Argentina
82752,1,17,41,43,45.1,48,30.3,t,101,Argentina
82752,1,17,41,43,45.1,,,t,100,Argentina
82752,1,17,42,48,30.3,42.9,27,t,1,Argentina
44336,1,17,42,42.9,27,,,t,100,Argentina
44336,1,17,43,42.9,27,41.8,36.9,t,1,Argentina
51498,1,17,44,41.8,36.9,43.2,36.7,t,101,Argentina
51498,1,17,44,41.8,36.9,,,t,100,Argentina
51498,1,17,45,43.2,36.7,68.9,91.1,t,1,Argentina
104512,1,17,51,68.9,91.1,,,t,100,Argentina
104512,1,17,51,68.9,91.1,84.9,86.8,t,101,Argentina
104512,1,17,52,84.9,86.8,93.5,73.2,t,1,Argentina
88746,1,17,53,93.5,73.2,,,t,100,Argentina
88746,1,17,53,93.5,73.2,93.7,68.6,t,101,Argentina
88746,1,17,54,93.7,68.6,100,37.8,f,13,Argentina
88746,0,17,57,100.8,32.8,,,f,5,Argentina
69600,1,17,57,-0.8,67.2,,,f,5,Germany
20388,1,18,20,5.6,56.3,41,42.9,f,1,Germany
17127,1,18,21,41,42.9,,,f,100,Germany
17127,1,18,21,41,42.9,37.7,48.2,f,101,Germany
17127,1,18,22,37.7,48.2,67.1,5.6,t,1,Germany
55634,1,18,22,67.1,5.6,67.2,3.5,t,101,Germany
55634,1,18,22,67.1,5.6,,,t,100,Germany
55634,1,18,23,67.2,3.5,62.3,22.1,t,1,Germany
37605,1,18,25,62.3,22.1,,,t,100,Germany
37605,1,18,25,62.3,22.1,62.7,22.7,t,101,Germany
37605,1,18,26,62.7,22.7,59.4,15.8,t,1,Germany
55634,1,18,26,59.4,15.8,,,t,100,Germany
55634,1,18,27,59.4,15.8,64.4,27.7,t,1,Germany
37605,1,18,27,64.4,27.7,65.9,30.9,t,101,Germany
37605,1,18,27,64.4,27.7,,,t,100,Germany
37605,1,18,28,65.9,30.9,63,54.9,t,1,Germany
44989,0,18,29,63,54.9,70.6,66.6,t,1,Germany
86813,1,18,30,25.4,26.2,,,f,49,Argentina
86813,0,18,31,26.8,26.5,43.1,34.5,t,1,Argentina
44989,1,18,35,57.8,70.3,,,f,49,Germany
44989,1,18,35,57.8,70.3,72.7,79.4,t,1,Germany
15208,1,18,38,72.7,79.4,,,t,100,Germany
15208,1,18,38,72.7,79.4,73.4,85.6,t,101,Germany
15208,1,18,39,73.4,85.6,75.9,77.9,t,1,Germany
69600,1,18,39,75.9,77.9,,,t,100,Germany
69600,1,18,40,75.9,77.9,63.2,95,t,1,Germany
41316,1,18,41,63.2,95,63.9,92.7,t,101,Germany
41316,1,18,41,63.2,95,,,t,100,Germany
41316,1,18,42,63.9,92.7,58.2,76.1,t,1,Germany
44989,1,18,44,58.2,76.1,,,t,100,Germany
44989,1,18,44,58.2,76.1,57.6,71.4,t,101,Germany
44989,1,18,45,57.6,71.4,53.2,61.7,t,1,Germany
40691,1,18,47,53.2,61.7,,,t,100,Germany
40691,1,18,47,53.2,61.7,53.2,59.9,t,101,Germany
40691,1,18,48,53.2,59.9,61.8,75.7,t,1,Germany
44989,0,18,52,60.9,76.6,71.5,82.1,t,1,Germany
44336,1,18,53,27,13.5,,,f,8,Argentina
51498,1,18,54,25.7,22.8,30,16.4,t,1,Argentina
44336,1,18,55,30,16.4,,,f,49,Argentina
44336,1,18,57,32.4,35.8,37.4,58.7,t,1,Argentina
20578,1,18,57,37.4,58.7,,,t,100,Argentina
20578,1,18,57,37.4,58.7,36.7,57.9,t,101,Argentina
20578,1,18,58,36.7,57.9,33.8,78.2,t,1,Argentina
88746,1,19,2,33.8,78.2,,,t,100,Argentina
88746,1,19,2,33.8,78.2,36,91.5,t,101,Argentina
88746,1,19,3,36,91.5,34.5,75.3,t,1,Argentina
20578,0,19,5,34.5,75.3,54.6,76.1,t,1,Argentina
149828,0,19,7,54.2,75.8,,,f,44,Argentina
17127,1,19,7,45.8,24.2,,,f,44,Germany
17127,1,19,7,45.9,24.7,66.3,5.8,t,1,Germany
55634,1,19,9,66.6,4.6,,,f,49,Germany
55634,1,19,10,66.8,4.9,68,25.9,t,1,Germany
15207,0,19,13,68,25.9,88.3,14.6,t,1,Germany
50117,0,19,16,7.4,85.8,,,f,7,Argentina
55634,1,19,16,92.6,14.2,,,f,50,Germany
50117,1,19,17,0,0,,,f,43,Argentina
55634,1,19,18,91.2,14.6,,,f,61,Germany
28549,1,19,21,-0.6,82,,,f,5,Argentina
55634,0,19,21,101.3,16.8,,,f,5,Germany
28549,0,19,43,5.1,50.9,53.7,85.9,f,1,Argentina
69140,0,19,46,42.8,17.9,65.7,27.6,t,1,Germany
50117,1,19,48,34.4,75.7,,,f,12,Argentina
51498,0,19,50,44.3,65.4,46,57.8,t,1,Argentina
15208,1,19,52,55.6,41.5,,,f,49,Germany
15208,1,19,52,55.6,41.5,42.9,49.3,t,1,Germany
40691,1,19,52,42.9,49.3,,,t,100,Germany
40691,1,19,53,42.9,49.3,46.1,72.1,t,1,Germany
41316,1,19,55,46.1,72.1,,,t,100,Germany
41316,1,19,55,46.1,72.1,53.3,83.5,t,101,Germany
41316,1,19,56,53.3,83.5,66.4,83.5,t,1,Germany
69600,0,20,0,66.1,94.2,57.5,100,t,1,Germany
86813,1,20,1,41.8,-1.8,,,f,5,Argentina
69600,0,20,1,58.2,101.8,,,f,5,Germany
86813,0,20,20,51.3,0,64.1,3.8,f,1,Argentina
149828,1,20,22,0,0,,,f,43,Argentina
41316,1,20,23,35,95.4,,,f,8,Germany
15207,1,20,24,34.4,87.2,,,f,49,Germany
15207,1,20,25,34.4,87.2,45.8,90.2,t,1,Germany
69600,1,20,25,45.8,90.2,,,t,100,Germany
69600,1,20,26,45.8,90.2,29.5,79.6,t,1,Germany
17127,0,20,27,29.2,79.1,60.4,100,t,1,Germany
86813,1,20,29,45,-1.1,,,f,5,Argentina
17127,0,20,29,55,101.1,,,f,5,Germany
86813,1,20,39,50.8,0,56,4.7,f,1,Argentina
82752,0,20,41,54.6,4.3,53.9,5.2,t,1,Argentina
69600,1,20,42,46.9,97.7,,,f,74,Germany
15208,1,20,43,43.5,95.6,,,f,49,Germany
15208,1,20,43,43.5,95.6,35,95.1,t,1,Germany
41316,1,20,44,35,95.1,,,t,100,Germany
41316,1,20,44,35,95.1,35.8,94.7,t,101,Germany
41316,1,20,45,35.8,94.7,30.9,81.2,t,1,Germany
40691,1,20,46,30.9,81.2,,,t,100,Germany
40691,1,20,47,30.9,81.2,43.4,97.2,t,1,Germany
15208,1,20,50,43.4,97.2,59,96.9,t,101,Germany
15208,1,20,50,43.4,97.2,,,t,100,Germany
15208,1,20,51,59,96.9,59.9,91.4,t,1,Germany
69600,1,20,51,59.9,91.4,,,t,100,Germany
69600,1,20,52,59.9,91.4,61.9,97.2,t,1,Germany
15208,1,20,53,61.9,97.2,,,t,100,Germany
15208,1,20,54,61.9,97.2,53.2,80.9,t,1,Germany
149828,1,20,56,51.2,30.1,,,f,49,Argentina
15207,0,20,56,53.2,80.9,,,f,61,Germany
149828,1,20,57,51.2,30.1,47.8,17.1,t,1,Argentina
44336,1,20,57,47.8,17.1,,,t,100,Argentina
44336,1,20,58,47.8,17.1,41.9,23.1,t,1,Argentina
51498,1,21,1,41.9,23.1,,,t,100,Argentina
51498,1,21,1,41.9,23.1,41.2,7.9,t,101,Argentina
51498,1,21,2,41.2,7.9,66.7,19.1,t,1,Argentina
149828,1,21,5,66.7,19.1,,,t,100,Argentina
149828,1,21,5,66.7,19.1,66.8,6.8,t,101,Argentina
149828,1,21,6,66.8,6.8,60.3,6.4,t,1,Argentina
82752,1,21,8,60.3,6.4,,,t,100,Argentina
82752,1,21,8,60.3,6.4,59.2,3.7,t,101,Argentina
82752,1,21,9,59.2,3.7,54.6,18.2,t,1,Argentina
51498,1,21,10,54.6,18.2,,,t,100,Argentina
51498,1,21,11,54.6,18.2,60,24.1,t,1,Argentina
44336,1,21,11,60,24.1,,,t,100,Argentina
44336,1,21,11,60,24.1,58,27.3,t,101,Argentina
44336,1,21,12,58,27.3,44.5,53.6,t,1,Argentina
50117,1,21,14,44.5,53.6,44.5,56.7,t,101,Argentina
50117,1,21,14,44.5,53.6,,,t,100,Argentina
50117,1,21,15,44.5,56.7,55.4,93.9,t,1,Argentina
88746,1,21,16,55.4,93.9,60.9,96.3,t,101,Argentina
88746,1,21,16,55.4,93.9,,,t,100,Argentina
88746,1,21,17,60.9,96.3,59.6,89,t,1,Argentina
104512,1,21,17,59.6,89,,,t,100,Argentina
104512,1,21,18,59.6,89,66.3,97.7,t,1,Argentina
88746,0,21,19,66.3,97.7,,,f,61,Argentina
88746,0,21,20,68,101.6,,,f,5,Argentina
15207,1,21,20,32,-1.6,,,f,5,Germany
69140,1,21,30,34.3,0,21.1,15.6,f,1,Germany
17127,1,21,31,21.1,15.6,20.2,16.7,f,101,Germany
17127,1,21,31,21.1,15.6,,,f,100,Germany
17127,1,21,32,20.2,16.7,24.3,60.6,t,1,Germany
40691,1,21,33,24.3,60.6,,,t,100,Germany
40691,1,21,33,24.3,60.6,25.2,62,t,101,Germany
40691,1,21,34,25.2,62,35.6,68.1,t,1,Germany
44989,1,21,38,35.6,68.1,,,t,100,Germany
44989,1,21,38,35.6,68.1,37.6,76.3,t,101,Germany
44989,1,21,39,37.6,76.3,31.9,48.2,t,1,Germany
40691,1,21,40,31.9,48.2,31.8,46,t,101,Germany
40691,1,21,40,31.9,48.2,,,t,100,Germany
40691,1,21,41,31.8,46,35.1,22.5,t,1,Germany
17127,1,21,46,35.1,22.5,43.4,18.6,t,101,Germany
17127,1,21,46,35.1,22.5,,,t,100,Germany
17127,1,21,47,43.4,18.6,54.5,11.3,t,1,Germany
44989,1,21,48,54.5,11.3,,,t,100,Germany
44989,1,21,48,54.5,11.3,46,13.1,t,101,Germany
44989,1,21,49,46,13.1,37.3,27,t,1,Germany
17127,1,21,52,37.3,27,,,t,100,Germany
17127,1,21,52,37.3,27,39.9,29.1,t,101,Germany
17127,1,21,53,39.9,29.1,54.5,18.8,t,1,Germany
44989,1,21,58,54.5,18.8,51.1,24.1,t,101,Germany
44989,1,21,58,54.5,18.8,,,t,100,Germany
44989,1,21,59,51.1,24.1,38.5,30.9,t,1,Germany
17127,1,22,7,38.5,30.9,,,t,100,Germany
17127,1,22,7,38.5,30.9,43.5,27.1,t,101,Germany
17127,1,22,8,43.5,27.1,28,47.8,t,1,Germany
20388,1,22,9,28,47.8,,,t,100,Germany
20388,1,22,9,28,47.8,27.1,47.8,t,101,Germany
20388,1,22,10,27.1,47.8,34.9,68.1,t,1,Germany
40691,1,22,12,34.9,68.1,37.1,68.8,t,101,Germany
40691,1,22,12,34.9,68.1,,,t,100,Germany
40691,1,22,13,37.1,68.8,50.5,74.1,t,1,Germany
69600,1,22,13,50.5,74.1,,,t,100,Germany
69600,1,22,14,50.5,74.1,40.9,68.8,t,1,Germany
40691,1,22,17,40.9,68.8,,,t,100,Germany
40691,1,22,17,40.9,68.8,51.9,58.4,t,101,Germany
40691,1,22,18,51.9,58.4,71.9,74.1,t,1,Germany
15208,1,22,19,71.9,74.1,,,t,100,Germany
15208,1,22,20,71.9,74.1,62.8,75,t,1,Germany
69600,0,22,22,62.8,75,,,f,61,Germany
86813,1,22,23,26.3,4.4,40,22.7,t,1,Argentina
44336,1,22,25,40,22.7,,,f,49,Argentina
44336,1,22,25,40,22.7,37.1,32.1,t,1,Argentina
51498,0,22,26,37.1,32.1,43,34.2,t,1,Argentina
15207,1,22,27,56.5,65.5,,,f,8,Germany
15207,1,22,28,56.5,65.5,68,75.6,t,1,Germany
15208,1,22,29,68.2,76.3,,,f,49,Germany
15208,1,22,29,68.2,76.3,78.9,89.9,t,1,Germany
37605,1,22,31,78.9,89.9,,,t,100,Germany
37605,1,22,32,78.9,89.9,89.5,53.9,f,1,Germany
50117,0,22,33,9.6,48.1,,,f,44,Argentina
55634,1,22,33,90.4,51.9,,,f,44,Germany
55634,1,22,34,89.5,53.9,100,64.4,f,13,Germany
28549,1,22,36,-1,39.8,,,f,5,Argentina
55634,0,22,36,101,60.2,,,f,5,Germany
28549,1,22,55,5.1,39.8,52.7,30.4,f,1,Argentina
149828,0,22,59,52.7,30.4,85.3,27,t,1,Argentina
20388,1,23,2,12,73.6,,,f,52,Germany
20388,1,23,3,14.8,67.3,25.7,44.2,f,1,Germany
17127,1,23,10,25.7,44.2,,,f,100,Germany
17127,1,23,10,25.7,44.2,29.1,41.2,f,101,Germany
17127,1,23,11,29.1,41.2,58.4,32.8,t,1,Germany
20578,0,23,13,39,68.9,,,f,45,Argentina
55634,1,23,13,61,31.1,,,f,3,Germany
55634,1,23,15,68.7,45.1,86.8,75.1,t,1,Germany
37605,0,23,18,86.8,75.1,98.9,49.7,f,1,Germany
28549,1,23,20,0.4,51.2,,,f,12,Argentina
28549,0,23,20,0.8,50.8,,,f,6,Argentina
37605,1,23,20,99.2,49.2,,,f,6,Germany
44989,0,24,18,99.5,0.5,89.8,56.1,f,1,Germany
86813,1,24,23,9,40.4,,,f,12,Argentina
37605,1,24,26,64.4,95,40.7,76.4,t,1,Germany
15207,1,24,28,40.7,76.4,,,t,100,Germany
15207,1,24,29,40.7,76.4,39,38,t,1,Germany
40691,1,24,31,39,38,38.6,36.9,t,101,Germany
40691,1,24,31,39,38,,,t,100,Germany
40691,1,24,32,38.6,36.9,41.6,6.5,t,1,Germany
44989,1,24,35,41.6,6.5,,,t,100,Germany
44989,1,24,35,41.6,6.5,36.1,5.6,t,101,Germany
44989,1,24,36,36.1,5.6,18.5,32.5,t,1,Germany
20388,0,24,38,18.5,32.5,47,0,t,1,Germany
88746,1,24,40,55,101.2,,,f,5,Argentina
20388,0,24,40,45,-1.2,,,f,5,Germany
88746,1,24,47,57,100,49.5,87.8,f,1,Argentina
20578,1,24,49,49.5,87.8,,,f,100,Argentina
20578,1,24,49,49.5,87.8,48.7,85.1,f,101,Argentina
20578,1,24,50,48.7,85.1,34.8,53.9,t,1,Argentina
149786,0,24,52,34.8,53.9,58.7,83.9,t,1,Argentina
69140,0,24,56,31.9,17.4,44.3,23.1,t,1,Germany
20578,1,24,57,56.7,92.1,63.9,96.8,t,1,Argentina
104512,1,24,57,63.9,96.8,,,t,100,Argentina
104512,1,24,58,63.9,96.8,64.7,85.7,t,1,Argentina
82752,0,24,59,64.7,85.7,57.7,84.4,t,1,Argentina
69600,1,25,0,37.7,33.1,,,f,8,Germany
69600,1,25,1,37.7,33.1,,,f,49,Germany
82752,0,25,2,61.3,69.6,,,f,4,Argentina
69600,1,25,2,38.7,30.4,,,f,4,Germany
15207,1,25,5,35.1,37.3,35.3,72.7,f,1,Germany
41316,1,25,6,35.3,72.7,,,f,100,Germany
41316,1,25,7,35.3,72.7,49.4,85.9,t,1,Germany
37605,1,25,10,49.4,85.9,58.5,85.3,t,101,Germany
37605,1,25,10,49.4,85.9,,,t,100,Germany
37605,1,25,11,58.5,85.3,67.8,46,t,1,Germany
69600,1,25,14,67.8,46,,,t,100,Germany
69600,1,25,14,67.8,46,66.3,42.8,t,101,Germany
69600,1,25,15,66.3,42.8,67.6,36.6,t,1,Germany
44989,1,25,16,67.6,36.6,65.8,37.3,t,101,Germany
44989,1,25,16,67.6,36.6,,,t,100,Germany
44989,1,25,17,65.8,37.3,73.4,29.8,t,1,Germany
88746,1,25,18,25.8,72.9,,,f,7,Argentina
55634,1,25,18,72.5,26,,,f,50,Germany
20578,1,25,19,29.1,66.7,,,f,49,Argentina
88746,1,25,19,36.8,77.3,,,t,100,Argentina
20578,1,25,20,29.1,66.7,36.8,77.3,t,1,Argentina
88746,1,25,20,36.8,77.3,45,71.4,t,1,Argentina
82752,1,25,21,45,71.4,,,t,100,Argentina
82752,1,25,21,45,71.4,51.2,72.3,t,101,Argentina
82752,1,25,22,51.2,72.3,64.4,49.7,t,1,Argentina
149828,1,25,24,64.4,49.7,64.3,48.2,t,101,Argentina
149828,1,25,24,64.4,49.7,,,t,100,Argentina
149828,1,25,25,64.3,48.2,59.9,40.1,t,1,Argentina
44336,0,25,29,61.4,30,69.6,9.8,t,1,Argentina
40691,1,25,31,31.1,93.9,,,f,8,Germany
149828,1,25,33,0,0,63.5,3.2,f,43,Argentina
149828,1,25,33,62.7,3.4,,,f,50,Argentina
37605,1,25,33,37.3,96.6,,,f,7,Germany
86813,0,25,35,64.8,-1.4,,,f,5,Argentina
37605,1,25,35,35.2,101.4,,,f,5,Germany
15207,1,25,47,30.9,67.6,,,f,100,Germany
15207,1,25,47,30.9,67.6,30.8,65.7,f,101,Germany
41316,1,25,48,36.9,100,30.9,67.6,f,1,Germany
15207,1,25,48,30.8,65.7,42.2,65.2,t,1,Germany
44989,1,25,49,42.2,65.2,,,t,100,Germany
44989,1,25,50,42.2,65.2,46.8,46.4,t,1,Germany
69600,1,25,53,46.8,46.4,,,t,100,Germany
69600,1,25,53,46.8,46.4,54.6,33.1,t,101,Germany
69600,1,25,54,54.6,33.1,37.7,36.7,t,1,Germany
17127,1,25,57,37.7,36.7,,,t,100,Germany
17127,1,25,58,37.7,36.7,52.8,24.1,t,1,Germany
69600,1,25,59,52.8,24.1,,,t,100,Germany
69600,1,26,0,52.8,24.1,37.4,33.3,t,1,Germany
17127,1,26,4,37.4,33.3,,,t,100,Germany
17127,1,26,4,37.4,33.3,42.6,36.3,t,101,Germany
17127,1,26,5,42.6,36.3,55.5,26.1,t,1,Germany
69600,1,26,11,55.5,26.1,57,39.1,t,101,Germany
69600,1,26,11,55.5,26.1,,,t,100,Germany
69600,1,26,12,57,39.1,55.8,68.8,t,1,Germany
40691,0,26,14,56.1,70.8,70.7,95.9,t,1,Germany
44336,1,26,16,25.5,3.7,,,f,8,Argentina
44336,0,26,17,28.9,-1.4,,,f,5,Argentina
40691,1,26,17,71.1,101.4,,,f,5,Germany
41316,1,26,23,70.1,100,57.1,95.7,f,1,Germany
40691,1,26,24,57.1,95.7,56.5,93.9,f,101,Germany
40691,1,26,24,57.1,95.7,,,f,100,Germany
40691,1,26,25,56.5,93.9,57.2,82.3,t,1,Germany
44989,1,26,27,57.2,82.3,55.2,67.9,t,101,Germany
44989,1,26,27,57.2,82.3,,,t,100,Germany
44989,1,26,28,55.2,67.9,64.2,43.3,t,1,Germany
15207,1,26,30,64.2,43.3,56.5,44.5,t,101,Germany
15207,1,26,30,64.2,43.3,,,t,100,Germany
15207,1,26,31,56.5,44.5,38.8,28.3,t,1,Germany
17127,1,26,34,38.8,28.3,38.7,27.6,t,101,Germany
17127,1,26,34,38.8,28.3,,,t,100,Germany
17127,1,26,35,38.7,27.6,52.8,4.6,t,1,Germany
69140,1,26,37,52.8,4.6,,,t,100,Germany
69140,1,26,37,52.8,4.6,43.2,11.7,t,101,Germany
69140,1,26,38,43.2,11.7,23.1,42.2,t,1,Germany
20388,1,26,41,23.1,42.2,25.4,40.7,t,101,Germany
20388,1,26,41,23.1,42.2,,,t,100,Germany
20388,1,26,42,25.4,40.7,34.1,17.3,t,1,Germany
17127,1,26,45,34.1,17.3,33.4,21.6,t,101,Germany
17127,1,26,45,34.1,17.3,,,t,100,Germany
17127,1,26,46,33.4,21.6,31.7,40.4,t,1,Germany
15207,1,26,47,31.7,40.4,,,t,100,Germany
15207,1,26,47,31.7,40.4,31.1,41.6,t,101,Germany
15207,1,26,48,31.1,41.6,44.4,62.9,t,1,Germany
44989,1,26,49,44.4,62.9,,,t,100,Germany
44989,1,26,50,44.4,62.9,34.3,59.9,t,1,Germany
40691,1,26,51,34.3,59.9,,,t,100,Germany
40691,1,26,51,34.3,59.9,33.9,58.5,t,101,Germany
40691,1,26,52,33.9,58.5,36,19.4,t,1,Germany
17127,1,26,53,36,19.4,,,t,100,Germany
17127,1,26,53,36,19.4,39.2,12.9,t,101,Germany
17127,1,26,54,39.2,12.9,35.8,37,t,1,Germany
15207,1,26,57,35.8,37,,,t,100,Germany
15207,1,26,58,35.8,37,45.1,64.6,t,1,Germany
40691,1,26,59,45.1,64.6,,,t,100,Germany
40691,1,26,59,45.1,64.6,45.3,65.5,t,101,Germany
40691,1,27,0,45.3,65.5,59.2,71.8,t,1,Germany
37605,1,27,1,59.2,71.8,,,t,100,Germany
37605,1,27,1,59.2,71.8,61.5,72.3,t,101,Germany
37605,1,27,2,61.5,72.3,53.2,76.4,t,1,Germany
40691,1,27,3,53.2,76.4,,,t,100,Germany
40691,1,27,3,53.2,76.4,53.9,75.7,t,101,Germany
40691,1,27,4,53.9,75.7,68,80.2,t,1,Germany
37605,0,27,8,76.7,81.4,85.3,69.4,t,1,Germany
149786,1,27,9,13.5,28.5,,,f,8,Argentina
149786,1,27,10,16.2,32.7,,,f,49,Argentina
149786,0,27,11,15,31.9,61.2,47.5,t,1,Argentina
17127,1,27,17,37.2,67.3,,,f,8,Germany
149828,1,27,19,0,0,,,f,43,Argentina
17127,0,27,19,31.1,77.2,,,f,61,Germany
20388,1,27,21,0,0,,,f,59,Germany
86813,1,27,22,70,-1.2,,,f,5,Argentina
20388,1,27,22,24.5,75.9,,,f,12,Germany
20388,0,27,22,30,101.2,,,f,5,Germany
82752,0,27,31,0,0,,,f,57,Argentina
41316,1,27,32,0,0,,,f,57,Germany
41316,1,27,54,30.3,100,42.3,81.5,f,1,Germany
15208,1,27,55,42.3,81.5,43,82.6,f,101,Germany
15208,1,27,55,42.3,81.5,,,f,100,Germany
15208,1,27,56,43,82.6,36.1,75.9,t,1,Germany
40691,1,27,56,36.1,75.9,,,t,100,Germany
40691,1,27,57,36.1,75.9,40.7,87.2,t,1,Germany
15208,1,27,58,40.7,87.2,,,t,100,Germany
15208,1,27,58,40.7,87.2,40.9,84.7,t,101,Germany
15208,1,27,59,40.9,84.7,37.6,66.7,t,1,Germany
40691,1,28,1,37.6,66.7,,,t,100,Germany
40691,1,28,1,37.6,66.7,41.4,63,t,101,Germany
40691,1,28,2,41.4,63,51.7,40.7,t,1,Germany
44989,0,28,4,51.7,40.7,,,f,61,Germany
20578,1,28,6,42,77.2,,,f,49,Argentina
20578,1,28,7,38.8,89.3,32,93.8,t,1,Argentina
88746,0,28,9,32.3,95.7,67.4,100,t,1,Argentina
88746,0,28,14,59,100.9,,,f,5,Argentina
44989,1,28,14,41,-0.9,,,f,5,Germany
69140,1,28,27,50.4,0,29.3,32.5,f,1,Germany
17127,1,28,27,29.3,32.5,,,f,100,Germany
17127,1,28,28,29.3,32.5,33.2,65.8,t,1,Germany
40691,1,28,28,33.2,65.8,,,t,100,Germany
40691,1,28,29,33.2,65.8,42.2,81.5,t,1,Germany
15208,1,28,29,42.2,81.5,,,t,100,Germany
15208,1,28,30,42.2,81.5,61.7,98.1,t,1,Germany
86813,1,28,33,37.4,1.8,,,f,7,Argentina
86813,0,28,33,41.9,-1,,,f,5,Argentina
69600,0,28,33,62.6,98.2,,,f,3,Germany
69600,1,28,33,58.1,101,,,f,5,Germany
41316,1,28,50,62.7,100,72,77.9,f,1,Germany
55634,0,28,52,72,77.9,78.2,100,t,1,Germany
51498,1,28,53,20.4,-1.2,,,f,5,Argentina
55634,0,28,53,79.6,101.2,,,f,5,Germany
86813,1,29,1,21.8,0,48.5,3.4,f,1,Argentina
149828,1,29,4,50.4,3.8,,,f,44,Argentina
41316,0,29,4,49.6,96.2,,,f,44,Germany
149828,1,29,5,48.5,3.4,58.5,6.1,t,1,Argentina
44336,0,29,11,61.2,2.4,,,f,3,Argentina
41316,1,29,11,38.8,97.6,,,f,7,Germany
86813,1,29,12,59.8,-1.4,,,f,5,Argentina
41316,0,29,12,40.2,101.4,,,f,5,Germany
86813,1,29,24,61,0,67.7,8.9,f,1,Argentina
82752,1,29,25,67.7,8.9,,,f,100,Argentina
82752,1,29,26,67.7,8.9,59.5,4.1,t,1,Argentina
86813,0,29,27,59.5,4.1,61,4.7,t,1,Argentina
15208,1,29,29,39,95.9,,,f,74,Germany
51498,1,29,30,55.6,38.5,51,72.3,t,1,Argentina
88746,1,29,32,51,72.3,53.9,76.9,t,101,Argentina
88746,1,29,32,51,72.3,,,t,100,Argentina
88746,1,29,33,53.9,76.9,62.8,95.7,t,1,Argentina
104512,0,29,36,64,95.7,,,f,3,Argentina
17127,0,29,38,25.9,14.7,55.5,18.2,t,1,Germany
50117,1,29,40,46.5,95,20,70.5,t,1,Argentina
149786,1,29,43,20,70.5,,,t,100,Argentina
149786,1,29,44,20,70.5,15,44.2,t,1,Argentina
28549,0,29,50,16.6,40,71.7,47.8,t,1,Argentina
17127,1,29,53,29.8,45.5,14.4,54,t,1,Germany
20388,1,29,55,14.4,54,,,f,52,Germany
20388,1,29,55,14.4,54,22.5,42.1,f,1,Germany
17127,1,29,56,22.5,42.1,,,f,100,Germany
17127,1,29,57,22.5,42.1,30.1,69.1,t,1,Germany
40691,1,29,59,30.1,69.1,33.9,74.2,t,101,Germany
40691,1,29,59,30.1,69.1,,,t,100,Germany
40691,1,30,0,33.9,74.2,43,93,t,1,Germany
41316,1,30,4,43,93,44.2,93,t,101,Germany
41316,1,30,4,43,93,,,t,100,Germany
41316,1,30,5,44.2,93,42.8,66.1,t,1,Germany
40691,1,30,8,42.8,66.1,,,t,100,Germany
40691,1,30,8,42.8,66.1,52.7,67,t,101,Germany
40691,1,30,9,52.7,67,55.3,78.7,t,1,Germany
15207,1,30,11,55.3,78.7,,,t,100,Germany
15207,1,30,12,55.3,78.7,46.7,73.6,t,1,Germany
40691,1,30,12,46.7,73.6,,,t,100,Germany
40691,1,30,13,46.7,73.6,50.7,82.1,t,1,Germany
15207,1,30,15,50.7,82.1,45.4,80.9,t,101,Germany
15207,1,30,15,50.7,82.1,,,t,100,Germany
15207,1,30,16,45.4,80.9,40.8,36.7,t,1,Germany
17127,1,30,19,40.8,36.7,50.8,23.3,t,101,Germany
17127,1,30,19,40.8,36.7,,,t,100,Germany
17127,1,30,20,50.8,23.3,56.8,35.7,t,1,Germany
20578,0,30,24,44.4,63.8,,,f,4,Argentina
44989,1,30,24,55.6,36.2,,,f,4,Germany
44989,1,30,32,54.3,37.3,71.4,39.2,f,1,Germany
15207,0,30,34,71.4,39.2,94.1,18.9,t,1,Germany
88746,0,30,38,5,81.2,36.5,74.4,t,1,Argentina
44989,1,30,41,56.9,22.1,70.3,17.9,t,1,Germany
88746,0,30,44,22.8,83,,,f,45,Argentina
37605,1,30,44,77.2,17,,,f,3,Germany
37605,1,30,47,97.5,17.1,88.6,42.5,t,1,Germany
15207,1,30,48,88.6,42.5,,,t,100,Germany
15207,1,30,49,88.6,42.5,100,50,f,15,Germany
149786,1,30,49,9.4,58.2,,,f,10,Argentina
149828,1,30,50,34.3,88.8,36.5,81.6,t,1,Argentina
104512,1,30,51,29.8,72.3,,,f,49,Argentina
104512,1,30,56,60.4,66.9,70.3,93.8,t,1,Argentina
149828,1,31,0,70.3,93.8,,,t,100,Argentina
149828,1,31,0,70.3,93.8,70.5,89,t,101,Argentina
149828,1,31,1,70.5,89,76.7,70.9,t,1,Argentina
104512,1,31,5,76.1,67.9,,,f,4,Argentina
69600,0,31,5,23.9,32.1,,,f,4,Germany
44336,1,32,15,76.4,68.8,100,55.2,f,13,Argentina
44336,0,32,18,101.2,54.2,,,f,5,Argentina
69600,1,32,18,-1.2,45.8,,,f,5,Germany
20388,1,32,31,4.2,43.7,26.5,92.3,f,1,Germany
40691,1,32,34,26.5,92.3,37.7,85.1,f,101,Germany
40691,1,32,34,26.5,92.3,,,f,100,Germany
40691,1,32,35,37.7,85.1,36.3,62.3,t,1,Germany
15207,1,32,38,36.3,62.3,,,t,100,Germany
44989,1,32,38,45.6,51.3,,,t,100,Germany
15207,1,32,38,36.3,62.3,34.6,61.7,t,101,Germany
15207,1,32,39,34.6,61.7,45.6,51.3,t,1,Germany
44989,1,32,39,45.6,51.3,40.4,76,t,1,Germany
40691,0,32,44,55.8,84.5,72.2,89.4,t,1,Germany
44336,1,32,45,30.9,15.9,,,f,61,Argentina
15208,1,32,46,78,90.9,73,95,t,1,Germany
41316,1,32,47,73,95,,,t,100,Germany
41316,1,32,47,73,95,76.4,90.8,t,101,Germany
41316,1,32,48,76.4,90.8,77.4,97.4,t,1,Germany
15208,1,32,52,77.4,97.4,,,t,100,Germany
15208,1,32,52,77.4,97.4,78.3,97.1,t,101,Germany
15208,1,32,53,78.3,97.1,70.6,75,t,1,Germany
15207,1,32,54,70.6,75,,,t,100,Germany
15207,1,32,54,70.6,75,72,75.6,t,101,Germany
15207,1,32,55,72,75.6,64,67.8,t,1,Germany
44989,1,32,55,64,67.8,,,t,100,Germany
44989,1,32,56,64,67.8,69,58.2,t,1,Germany
37605,1,32,56,69,58.2,,,t,100,Germany
37605,1,32,57,69,58.2,64.8,74.8,t,1,Germany
44989,1,33,1,64.8,74.8,65.4,93.3,t,101,Germany
44989,1,33,1,64.8,74.8,,,t,100,Germany
44989,1,33,2,65.4,93.3,58,72.3,t,1,Germany
37605,1,33,3,58,72.3,,,t,100,Germany
37605,1,33,4,58,72.3,69.1,85.1,t,1,Germany
41316,1,33,5,69.1,85.1,,,t,100,Germany
41316,1,33,5,69.1,85.1,68.7,83.3,t,101,Germany
41316,1,33,6,68.7,83.3,60.5,85.7,t,1,Germany
82752,1,33,8,33.5,30.3,,,f,61,Argentina
44989,0,33,8,59.1,83.7,63.2,76.5,t,1,Germany
88746,0,33,10,22.2,60.7,,,f,44,Argentina
55634,1,33,10,77.8,39.3,,,f,44,Germany
55634,0,33,11,74.7,37.9,81.1,21,t,1,Germany
104512,0,33,13,15.3,82.1,58.9,93.2,t,1,Argentina
17127,0,33,17,37.5,11.7,69.7,30.4,t,1,Germany
50117,1,33,19,29.5,75.9,,,f,49,Argentina
50117,1,33,19,29.5,75.9,39.1,79.1,t,1,Argentina
20578,1,33,19,39.1,79.1,,,t,100,Argentina
20578,1,33,20,39.1,79.1,39.6,96.8,t,1,Argentina
88746,1,33,20,39.6,96.8,,,t,100,Argentina
88746,1,33,21,39.6,96.8,53.2,86.8,t,1,Argentina
149828,1,33,21,53.2,86.8,,,t,100,Argentina
149828,1,33,22,53.2,86.8,42.2,96.5,t,1,Argentina
88746,1,33,23,42.2,96.5,,,t,100,Argentina
88746,1,33,24,42.2,96.5,41.1,82.3,t,1,Argentina
20578,1,33,25,41.1,82.3,39.3,79.1,t,101,Argentina
20578,1,33,25,41.1,82.3,,,t,100,Argentina
20578,1,33,26,39.3,79.1,41.5,62.9,t,1,Argentina
51498,1,33,28,42.2,65.2,69.4,89.7,f,2,Argentina
69140,1,33,28,32.1,12.8,,,f,55,Germany
69140,1,33,52,32.1,12.8,54.2,66.6,f,1,Germany
44989,1,33,52,54.2,66.6,,,f,100,Germany
44989,1,33,53,54.2,66.6,63.3,33.3,t,1,Germany
15208,1,33,54,63.3,33.3,,,t,100,Germany
15208,1,33,55,63.3,33.3,70.9,21.8,t,1,Germany
37605,1,33,55,70.9,21.8,,,t,100,Germany
37605,1,33,56,70.9,21.8,63.3,31.2,t,1,Germany
15208,1,33,56,63.3,31.2,,,t,100,Germany
15208,1,33,57,63.3,31.2,70.5,34.8,t,1,Germany
37605,1,33,57,70.5,34.8,70.5,33.9,t,101,Germany
37605,1,33,57,70.5,34.8,,,t,100,Germany
37605,1,33,58,70.5,33.9,75.4,16.7,t,1,Germany
69140,1,34,0,75.4,16.7,,,t,100,Germany
69140,1,34,1,75.4,16.7,86.8,47.2,f,1,Germany
86813,0,34,2,12.6,48,,,f,44,Argentina
55634,1,34,2,88.5,53.2,,,f,44,Germany
55634,1,34,3,86.6,52,100,61.3,f,13,Germany
28549,1,34,5,-1.1,40.2,,,f,5,Argentina
55634,0,34,5,101.1,59.8,,,f,5,Germany
28549,1,34,40,5.4,37.3,58.2,36,f,1,Argentina
149828,0,34,45,58.2,36,66.4,29.7,t,1,Argentina
40691,1,34,46,31.4,84.5,39.9,97.1,t,1,Germany
69600,1,34,48,39.9,97.1,,,f,49,Germany
69600,1,34,53,36.2,96.8,8.3,66,t,1,Germany
20388,1,34,53,8.3,66,,,t,100,Germany
20388,1,34,54,8.3,66,8.4,93.6,t,1,Germany
40691,0,34,57,8.4,93.6,45.4,80.9,t,1,Germany
149786,1,35,0,51.4,21.2,60.5,67.3,t,1,Argentina
104512,0,35,5,60.5,67.3,,,f,61,Argentina
15208,1,35,7,66.5,8.2,,,f,49,Germany
15208,1,35,10,68.3,5.9,67.4,22.5,t,1,Germany
37605,1,35,12,67.4,22.5,,,t,100,Germany
37605,1,35,12,67.4,22.5,65.3,28.3,t,101,Germany
37605,1,35,13,65.3,28.3,72.8,31.6,t,1,Germany
15207,1,35,14,72.8,31.6,,,t,100,Germany
15207,1,35,14,72.8,31.6,72.6,25,t,101,Germany
15207,1,35,15,72.6,25,72.8,5.2,t,1,Germany
15208,1,35,16,72.8,5.2,,,t,100,Germany
15208,1,35,17,72.8,5.2,69.1,40.4,t,1,Germany
37605,0,35,20,70.5,46.1,78.2,62.1,t,1,Germany
44336,1,35,21,20.8,32.8,,,f,49,Argentina
44336,1,35,24,25.4,39.9,,,f,4,Argentina
41316,0,35,24,74.6,60.1,,,f,4,Germany
28549,0,35,51,23.3,36.1,100,10,f,1,Argentina
28549,0,35,58,100.8,10,,,f,5,Argentina
41316,1,35,58,-0.8,90,,,f,5,Germany
20388,1,36,9,5.4,50.3,31.1,33.7,f,1,Germany
17127,1,36,11,31.1,33.7,32.9,34.9,f,101,Germany
17127,1,36,11,31.1,33.7,,,f,100,Germany
17127,1,36,12,32.9,34.9,41.3,64.2,t,1,Germany
40691,1,36,14,41.3,64.2,,,t,100,Germany
40691,1,36,15,41.3,64.2,55.3,58.8,t,1,Germany
15208,1,36,16,55.3,58.8,,,t,100,Germany
15208,1,36,17,55.3,58.8,42.1,64.8,t,1,Germany
40691,1,36,17,42.1,64.8,,,t,100,Germany
40691,1,36,18,42.1,64.8,54,66.9,t,1,Germany
44989,1,36,19,54,66.9,,,t,100,Germany
44989,1,36,20,54,66.9,58.6,32.5,t,1,Germany
37605,1,36,25,58.6,32.5,71,47.5,t,101,Germany
37605,1,36,25,58.6,32.5,,,t,100,Germany
37605,1,36,26,71,47.5,66.3,56.1,t,1,Germany
44989,1,36,28,66.3,56.1,63.6,64.3,t,101,Germany
44989,1,36,28,66.3,56.1,,,t,100,Germany
44989,1,36,29,63.6,64.3,67.8,86.5,t,1,Germany
41316,0,36,32,67.8,86.5,72.7,94.8,t,1,Germany
44336,1,36,33,26.8,6.1,,,f,8,Argentina
44336,0,36,34,23.1,-1.6,,,f,5,Argentina
41316,1,36,34,76.9,101.6,,,f,5,Germany
69600,1,36,37,76.8,100,65.4,95.6,f,1,Germany
41316,1,36,38,65.4,95.6,,,f,100,Germany
41316,1,36,39,65.4,95.6,59.8,76.1,t,1,Germany
44989,1,36,42,59.8,76.1,,,t,100,Germany
44989,1,36,42,59.8,76.1,62.2,73.3,t,101,Germany
44989,1,36,43,62.2,73.3,67.2,59,t,1,Germany
15208,1,36,44,67.2,59,66.7,59.3,t,101,Germany
15208,1,36,44,67.2,59,,,t,100,Germany
15208,1,36,45,66.7,59.3,72.9,67.8,t,1,Germany
37605,1,36,47,72.9,67.8,72.6,73.5,t,101,Germany
37605,1,36,47,72.9,67.8,,,t,100,Germany
37605,1,36,48,72.6,73.5,100,52.6,f,15,Germany
28549,1,36,48,3.2,47,,,f,10,Argentina
55634,0,36,52,94.3,75.3,,,f,61,Germany
28549,1,36,53,-1,24.5,,,f,5,Argentina
55634,0,36,53,101,75.5,,,f,5,Germany
28549,0,37,18,5.5,38,65.5,30.9,f,1,Argentina
149786,1,37,20,32.8,31.2,37.8,19.2,t,1,Argentina
40691,0,37,20,30.8,68.4,64.7,67.5,t,1,Germany
86813,0,37,22,37.8,19.2,71.6,24.9,t,1,Argentina
20388,1,37,27,0,0,,,f,59,Germany
20388,0,37,27,26.1,78.4,58.8,73.5,t,1,Germany
149786,1,37,31,33.3,27.7,,,f,12,Argentina
149786,0,37,32,34,-1.2,,,f,5,Argentina
20388,1,37,32,66,101.2,,,f,5,Germany
41316,1,37,44,64.8,100,78.2,96.6,f,1,Germany
149786,1,37,46,22,18.9,,,f,8,Argentina
55634,0,37,46,78.2,96.6,80,83.6,t,1,Germany
69600,1,37,47,0,0,,,f,43,Germany
86813,1,37,48,20,12.6,,,f,49,Argentina
86813,1,37,48,20,12.6,27.6,24,t,1,Argentina
51498,1,37,50,27.6,24,,,t,100,Argentina
51498,1,37,50,27.6,24,26.2,25,t,101,Argentina
51498,1,37,51,26.2,25,36.8,57,t,1,Argentina
82752,1,37,52,36.8,57,33.9,58.5,t,101,Argentina
82752,1,37,52,36.8,57,,,t,100,Argentina
82752,1,37,53,33.9,58.5,20.9,62.1,t,1,Argentina
50117,1,37,53,20.9,62.1,,,t,100,Argentina
50117,1,37,54,20.9,62.1,46.3,95.7,t,1,Argentina
104512,1,37,56,46.3,95.7,,,t,100,Argentina
104512,1,37,57,46.3,95.7,43.2,97.4,t,1,Argentina
88746,0,37,58,43.2,97.4,56.5,76.1,t,1,Argentina
82752,1,38,1,57.4,75.6,,,f,4,Argentina
15208,0,38,1,42.6,24.4,,,f,4,Germany
20578,1,38,6,45.9,75.3,37.2,69.4,f,1,Argentina
50117,1,38,6,37.2,69.4,,,f,100,Argentina
50117,1,38,7,37.2,69.4,46.1,70.8,t,1,Argentina
20578,1,38,8,46.1,70.8,47.5,79.6,t,101,Argentina
20578,1,38,8,46.1,70.8,,,t,100,Argentina
20578,1,38,9,47.5,79.6,63.2,87.2,t,1,Argentina
104512,0,38,11,63.2,87.2,93.7,83.9,t,1,Argentina
69140,1,38,15,5.4,16.7,,,f,12,Germany
88746,1,38,17,93.7,101.2,,,f,5,Argentina
69140,0,38,17,6.3,-1.2,,,f,5,Germany
88746,0,38,34,92,100,90.9,59.4,f,1,Argentina
104512,0,38,37,90.9,56.6,,,f,44,Argentina
69140,1,38,37,9.1,43.4,,,f,44,Germany
51498,1,38,40,72.3,50.9,100,50,f,15,Argentina
69140,1,38,40,9.1,46.1,,,f,12,Germany
40691,1,38,40,13.8,51.3,,,f,10,Germany
51498,1,38,44,73.7,50.4,,,f,6,Argentina
40691,0,38,44,26.3,49.6,,,f,6,Germany
82752,0,39,7,99.5,99.5,92.3,54.2,f,1,Argentina
51498,0,39,11,92.6,54,,,f,44,Argentina
15208,1,39,11,7.4,46,,,f,44,Germany
15208,1,39,12,7,46.3,,,f,12,Germany
86813,0,39,13,71.5,38.6,85.7,33.1,t,1,Argentina
20388,1,39,16,0,0,,,f,59,Germany
50117,0,39,17,86.2,31.2,,,f,44,Argentina
20388,1,39,17,12.3,68.1,,,f,41,Germany
20388,1,39,17,13.8,68.8,,,f,44,Germany
44989,1,39,19,26.4,76.9,,,f,49,Germany
44989,1,39,19,26.4,76.9,34.6,94.5,t,1,Germany
86813,1,39,22,66.8,4.7,,,f,7,Argentina
37605,1,39,22,33.2,95.3,,,f,50,Germany
86813,1,39,23,69.1,9.1,,,f,49,Argentina
86813,1,39,25,66.7,12,,,f,50,Argentina
37605,0,39,25,33.3,88,,,f,7,Germany
44336,1,39,26,0,0,,,f,43,Argentina
40691,1,39,27,33.9,72.6,,,f,49,Germany
40691,0,39,28,32.9,71.1,73.3,95.3,t,1,Germany
149786,1,39,33,30.1,16.1,,,f,12,Argentina
15208,1,39,33,66.8,93.5,76.8,96.3,t,1,Germany
51498,1,39,37,22.1,7.9,,,f,7,Argentina
51498,1,39,37,22.5,9.5,,,f,49,Argentina
55634,1,39,37,77.9,92.1,,,f,50,Germany
51498,0,39,39,24.7,6.1,75.9,20.9,t,1,Argentina
20388,1,39,43,0,0,,,f,59,Germany
20388,1,39,44,20.8,78.7,52.3,63.6,t,1,Germany
44989,1,39,47,52.3,63.6,,,t,100,Germany
44989,1,39,48,52.3,63.6,57,48.5,t,1,Germany
15207,1,39,48,57,48.5,,,t,100,Germany
15207,1,39,49,57,48.5,42.4,79.9,t,1,Germany
41316,1,39,50,42.4,79.9,,,t,100,Germany
41316,1,39,51,42.4,79.9,58.2,92.9,t,1,Germany
37605,1,39,51,58.2,92.9,,,t,100,Germany
37605,1,39,52,58.2,92.9,71,97.5,t,1,Germany
15208,1,39,57,71,97.5,74.9,93.5,t,101,Germany
15208,1,39,57,71,97.5,,,t,100,Germany
15208,1,39,58,74.9,93.5,69.8,53.3,t,1,Germany
44989,1,40,1,69.8,53.3,,,t,100,Germany
44989,1,40,1,69.8,53.3,70.4,51.5,t,101,Germany
44989,1,40,2,70.4,51.5,100,52.1,f,15,Germany
28549,1,40,2,5.2,48.5,,,f,10,Argentina
69600,1,40,4,93.6,61.4,100,50.8,f,15,Germany
28549,1,40,4,3.4,43.7,,,f,10,Argentina
28549,1,40,6,5.1,41.8,,,f,52,Argentina
28549,1,40,12,11.9,52.7,26.7,87.7,f,1,Argentina
88746,1,40,14,26.7,87.7,,,f,100,Argentina
88746,1,40,15,26.7,87.7,43.4,94.1,t,1,Argentina
104512,1,40,15,43.4,94.1,,,t,100,Argentina
104512,1,40,15,43.4,94.1,39.9,92.7,t,101,Argentina
104512,1,40,16,39.9,92.7,42.9,75.2,t,1,Argentina
88746,1,40,16,42.9,75.2,44.7,71.5,t,101,Argentina
88746,1,40,16,42.9,75.2,,,t,100,Argentina
88746,1,40,17,44.7,71.5,54.7,70,t,1,Argentina
82752,0,40,18,53.4,55,,,f,61,Argentina
40691,1,40,19,44.8,43.1,,,f,8,Germany
44336,0,40,25,43.5,34.2,,,f,61,Argentina
69600,1,40,26,61,74.4,,,f,61,Germany
37605,1,40,27,68.1,74.5,,,f,49,Germany
37605,0,40,29,68.1,74.5,77.4,34,t,1,Germany
20578,1,40,30,22.7,69.6,,,f,49,Argentina
20578,1,40,31,22.7,69.6,12.6,63.6,t,1,Argentina
50117,0,40,31,12.6,63.6,25.2,100,t,1,Argentina
50117,0,40,33,26.5,101.4,,,f,5,Argentina
37605,1,40,33,73.5,-1.4,,,f,5,Germany
69140,1,40,43,73.9,0,64.9,3.8,f,1,Germany
44989,1,40,44,64.9,3.8,64.3,11.3,f,101,Germany
44989,1,40,44,64.9,3.8,,,f,100,Germany
44989,1,40,45,64.3,11.3,63.5,49.7,t,1,Germany
40691,1,40,47,63.5,49.7,,,t,100,Germany
40691,1,40,48,63.5,49.7,72.2,48.8,t,1,Germany
15208,1,40,48,72.2,48.8,,,t,100,Germany
15208,1,40,49,72.2,48.8,66.7,51.2,t,1,Germany
40691,1,40,50,66.7,51.2,66.5,51.3,t,101,Germany
40691,1,40,50,66.7,51.2,,,t,100,Germany
40691,1,40,51,66.5,51.3,67.7,59.7,t,1,Germany
86813,0,40,54,31.8,31,,,f,45,Argentina
37605,1,40,54,68.2,69,,,f,3,Germany
37605,1,40,56,64.4,74.8,78.5,74.5,t,1,Germany
15208,0,40,58,78.5,74.5,95.3,65.4,t,1,Germany
28549,1,41,0,0,0,,,f,59,Argentina
28549,1,41,0,4.1,36.3,,,f,54,Argentina
28549,1,41,0,4.1,36.3,,,f,52,Argentina
28549,0,41,14,14.7,48.5,65,63.1,t,1,Argentina
15207,1,41,18,36.1,31.2,,,f,49,Germany
15207,1,41,18,36.1,31.2,33.6,8.8,t,1,Germany
69140,1,41,18,33.6,8.8,,,t,100,Germany
69140,1,41,19,33.6,8.8,47.7,22.7,t,1,Germany
50117,0,41,23,46.2,78.3,,,f,4,Argentina
15208,1,41,23,53.8,21.7,,,f,4,Germany
50117,1,41,26,0,0,,,f,17,Argentina
17127,1,41,54,54.3,24.6,63.2,22.5,f,1,Germany
15208,1,41,55,63.2,22.5,,,f,100,Germany
15208,1,41,56,63.2,22.5,42.8,24.1,t,1,Germany
17127,1,41,58,42.8,24.1,,,t,100,Germany
17127,1,41,59,42.8,24.1,59.1,35.4,t,1,Germany
15207,1,42,3,59.1,35.4,,,t,100,Germany
15208,1,42,3,61.7,18.5,,,t,100,Germany
15207,1,42,3,59.1,35.4,59,32.5,t,101,Germany
15207,1,42,4,59,32.5,61.7,18.5,t,1,Germany
15208,1,42,4,61.7,18.5,59.6,31.5,t,1,Germany
15207,1,42,6,59.6,31.5,,,t,100,Germany
15207,1,42,6,59.6,31.5,61.2,31.5,t,101,Germany
15207,1,42,7,61.2,31.5,60.9,8,t,1,Germany
15208,1,42,7,60.9,8,,,t,100,Germany
15208,1,42,8,60.9,8,70.6,5.5,t,1,Germany
69140,1,42,9,70.6,5.5,,,t,100,Germany
69140,1,42,10,70.6,5.5,59,8.9,t,1,Germany
15208,1,42,11,59,8.9,59.9,8.2,t,101,Germany
15208,1,42,11,59,8.9,,,t,100,Germany
15208,1,42,12,59.9,8.2,33.8,24.1,t,1,Germany
17127,1,42,15,33.8,24.1,,,t,100,Germany
17127,1,42,15,33.8,24.1,34.8,23.9,t,101,Germany
17127,1,42,16,34.8,23.9,56.1,6.4,t,1,Germany
15208,1,42,17,56.1,6.4,,,t,100,Germany
15208,1,42,18,56.1,6.4,55.8,23.7,t,1,Germany
15207,1,42,22,55.8,23.7,,,t,100,Germany
15207,1,42,22,55.8,23.7,59,36.1,t,101,Germany
15207,1,42,23,59,36.1,54.5,57.5,t,1,Germany
40691,1,42,24,54.5,57.5,,,t,100,Germany
40691,1,42,25,54.5,57.5,63.1,76.4,t,1,Germany
44989,1,42,27,63.1,76.4,,,t,100,Germany
44989,1,42,28,63.1,76.4,75.7,75,t,1,Germany
82752,1,42,40,2.3,1.8,,,f,7,Argentina
37605,1,42,40,97.7,98.2,,,f,50,Germany
82752,1,42,41,1.3,1.9,3.6,2.3,t,1,Argentina
44336,1,42,42,5.6,2.2,,,f,49,Argentina
44336,1,42,42,8.8,1.8,,,f,50,Argentina
37605,1,42,42,91.2,98.2,,,f,7,Germany
37605,1,42,43,86.6,98.5,80.9,98.3,t,1,Germany
69600,1,42,43,83.8,92.6,,,t,100,Germany
41316,1,42,44,81.6,97.4,,,f,49,Germany
41316,1,42,44,81.6,97.4,83.8,92.6,t,1,Germany
69600,1,42,44,83.8,92.6,84.3,97.7,t,1,Germany
37605,1,42,44,84.3,97.7,,,t,100,Germany
37605,1,42,45,84.3,97.7,84.5,93.5,t,1,Germany
69600,1,42,45,84.5,93.5,,,t,100,Germany
69600,1,42,45,84.5,93.5,84.5,92.9,t,101,Germany
69600,1,42,46,84.5,92.9,79.3,97.2,t,1,Germany
41316,1,42,46,79.3,97.2,,,t,100,Germany
41316,1,42,47,79.3,97.2,71.2,86,t,1,Germany
44989,1,42,48,71.2,86,72.5,75.6,t,101,Germany
44989,1,42,48,71.2,86,,,t,100,Germany
44989,1,42,49,72.5,75.6,67.7,51.9,t,1,Germany
15207,1,42,54,67.7,51.9,68.1,49.1,t,101,Germany
15207,1,42,54,67.7,51.9,,,t,100,Germany
15207,1,42,55,68.1,49.1,68.9,44,t,1,Germany
44989,1,42,58,68.9,44,70.2,48.7,t,101,Germany
44989,1,42,58,68.9,44,,,t,100,Germany
44989,1,42,59,70.2,48.7,100,58.7,f,13,Germany
28549,1,43,0,-0.3,44.8,,,f,5,Argentina
44989,0,43,0,101.4,54.8,,,f,5,Germany
28549,0,43,21,5,47.8,58.5,30,f,1,Argentina
149828,0,43,24,59.4,23.6,,,f,44,Argentina
41316,1,43,24,40.6,76.4,,,f,44,Germany
41316,1,43,24,39.8,82.9,,,f,12,Germany
20578,1,43,26,49.6,41.5,,,f,44,Argentina
20578,0,43,26,49,42.1,56.9,44,t,1,Argentina
44989,0,43,26,50.4,58.5,,,f,44,Germany
15207,1,43,29,44.3,45.4,,,f,49,Germany
15207,1,43,30,39.7,39.8,30.3,45.4,t,1,Germany
17127,1,43,31,30.3,45.4,,,t,100,Germany
17127,1,43,32,30.3,45.4,44.3,54.3,t,1,Germany
44989,1,43,35,44.3,54.3,56.3,60,t,101,Germany
44989,1,43,35,44.3,54.3,,,t,100,Germany
44989,1,43,36,56.3,60,79.7,95,t,1,Germany
37605,1,43,42,79.7,95,96.7,97.8,t,101,Germany
37605,1,43,42,79.7,95,,,t,100,Germany
37605,1,43,43,96.7,97.8,87.4,86.2,t,1,Germany
15208,1,43,43,87.4,86.2,,,t,100,Germany
15208,1,43,44,87.4,86.2,74.7,93.8,t,1,Germany
41316,1,43,47,74.7,93.8,71.7,77.3,t,101,Germany
41316,1,43,47,74.7,93.8,,,t,100,Germany
41316,1,43,48,71.7,77.3,69.8,62,t,1,Germany
15207,1,43,49,69.8,62,,,t,100,Germany
15207,1,43,49,69.8,62,69.8,60.6,t,101,Germany
15207,1,43,50,69.8,60.6,70.4,45.4,t,1,Germany
44989,1,43,52,70.4,45.4,70.6,46.3,t,101,Germany
44989,1,43,52,70.4,45.4,,,t,100,Germany
44989,1,43,53,70.6,46.3,68.3,61.7,t,1,Germany
40691,1,43,55,68.3,61.7,69.1,65.8,t,101,Germany
40691,1,43,55,68.3,61.7,,,t,100,Germany
40691,1,43,56,69.1,65.8,72,76.6,t,1,Germany
15208,1,43,58,72,76.6,,,t,100,Germany
15208,1,43,58,72,76.6,72.9,73.6,t,101,Germany
15208,1,43,59,72.9,73.6,67.1,50.7,t,1,Germany
44989,1,44,2,67.1,50.7,,,t,100,Germany
44989,1,44,2,67.1,50.7,65.1,45.1,t,101,Germany
44989,1,44,3,65.1,45.1,69.8,69.7,t,1,Germany
41316,1,44,4,69.8,69.7,,,t,100,Germany
41316,1,44,5,69.8,69.7,74.3,77,t,1,Germany
15208,1,44,7,74.3,77,73.1,75.7,t,101,Germany
15208,1,44,7,74.3,77,,,t,100,Germany
15208,1,44,8,73.1,75.7,73.8,62.6,t,1,Germany
15207,0,44,10,73.8,62.6,90.6,81.4,t,1,Germany
44336,1,44,12,7.4,16.7,,,f,49,Argentina
44336,1,44,12,7.5,14,5,28.9,t,1,Argentina
149786,0,44,14,5,28.9,40.8,32.1,t,1,Argentina
40691,1,44,17,58.1,72,60,36.3,t,1,Germany
69140,1,44,19,60.2,34.2,,,f,49,Germany
69140,1,44,19,60.2,34.2,59.1,42.4,t,1,Germany
44989,1,44,19,59.1,42.4,,,t,100,Germany
44989,1,44,20,59.1,42.4,44.1,43.6,t,1,Germany
17127,0,44,23,44.1,43.6,70.1,93,t,1,Germany
44336,1,44,24,24.8,12.8,,,f,12,Argentina
44336,0,44,28,58.7,-1.1,,,f,5,Argentina
17127,1,44,28,41.3,101.1,,,f,5,Germany
41316,1,44,30,41.4,100,43.8,92.4,f,1,Germany
15208,1,44,33,43.8,92.4,54.3,95.9,f,101,Germany
15208,1,44,33,43.8,92.4,,,f,100,Germany
15208,1,44,34,54.3,95.9,67.3,97.2,t,1,Germany
37605,1,44,36,67.3,97.2,67.8,96.8,t,101,Germany
37605,1,44,36,67.3,97.2,,,t,100,Germany
37605,1,44,37,67.8,96.8,60,88.6,t,1,Germany
15208,1,44,38,60,88.6,,,t,100,Germany
15208,1,44,38,60,88.6,58.9,79,t,101,Germany
15208,1,44,39,58.9,79,54.9,46,t,1,Germany
44989,1,44,40,54.9,46,57.6,36,t,101,Germany
44989,1,44,40,54.9,46,,,t,100,Germany
44989,1,44,41,57.6,36,67.4,29.8,t,1,Germany
55634,1,44,43,67.4,29.8,,,t,100,Germany
55634,1,44,44,67.4,29.8,55.6,33.3,t,1,Germany
51498,1,44,45,29.5,51.3,,,f,8,Argentina
44989,0,44,46,55.6,33.3,65.9,39.1,t,1,Germany
20578,1,44,47,33,64.6,,,f,49,Argentina
20578,1,44,49,43.1,78.7,56.3,73.6,t,1,Argentina
149828,1,44,52,59.9,71.2,,,f,50,Argentina
15207,1,44,52,40.1,28.8,,,f,7,Germany
15207,1,44,54,36.2,34.6,,,f,49,Germany
15207,1,44,54,36.2,34.6,43.8,47.6,t,1,Germany
15208,1,44,54,43.8,47.6,,,t,100,Germany
15208,1,44,55,43.8,47.6,63.7,59.7,t,1,Germany
37605,0,44,58,63.7,59.7,79.1,33.3,t,1,Germany
88746,1,44,59,20,68.5,,,f,8,Argentina
149786,1,45,2,12.5,35.8,26.1,14,t,1,Argentina
86813,1,45,4,26.1,14,,,t,100,Argentina
86813,1,45,5,26.1,14,41.5,31.5,t,1,Argentina
44336,1,45,7,41.5,31.5,,,t,100,Argentina
44336,1,45,7,41.5,31.5,41,25.5,t,101,Argentina
44336,1,45,8,41,25.5,28.5,26.8,t,1,Argentina
149786,1,45,9,28.5,26.8,,,t,100,Argentina
149786,1,45,10,28.5,26.8,37.4,5.2,t,1,Argentina
86813,1,45,11,37.4,5.2,,,t,100,Argentina
86813,1,45,11,37.4,5.2,39.2,4.6,t,101,Argentina
86813,1,45,12,39.2,4.6,55.7,18.2,t,1,Argentina
82752,1,45,14,58.8,21.2,,,f,4,Argentina
40691,0,45,14,41.2,78.8,,,f,4,Germany
86813,0,45,34,53.6,17.4,93.3,100,f,1,Argentina
86813,0,45,40,91.4,101,,,f,5,Argentina
40691,1,45,40,8.6,-1,,,f,5,Germany
69140,0,45,58,15.3,0,37.7,24.9,f,1,Germany
88746,1,45,59,59.8,86.6,37.6,63.4,t,1,Argentina